991952 1100549
2420681 2595674
1006887 1098035
1043713 1145427
1126386 1251788
1475501 1692471
1431006 1681688
997225 1217880
980267 1235839
1106137 1206006
874653 1344380
1105945 1204459
875721 1001926
1057769 1149573
1117186 1209338
835256 939050
948750 1118674
1031206 1168071
930400 1041538
1168260 1299502
917977 1018441
1083043 1275781
963369 1063363
999496 1228941
1015831 1106237
1210641 1463580
982710 1085683
940509 1043578
1114636 1219873
1176730 1406937
914577 1291693
827580 882319
1173979 1359141
1201896 1256352
828392 881953
1464290 1664208
1199118 1253062
917357 1104244
891592 949034
950206 1071123
887200 945668
1162243 1328648
839399 893819
1333924 1439113
910135 1070019
814264 866914
2093006 2145688
1342543 1508154
1113464 1176502
1254706 1364021
870843 924873
1456359 1880341
978529 1147862
828920 883785
860386 968798
1290373 1401276
982510 1038479
905552 959914
1058651 1191581
937389 993228
1244648 1353486
1135190 1255830
867368 976689
1155879 1209276
1123205 1177844
787308 838027
994876 1046138
1306573 1527532
869131 921619
755457 808488
733557 798910
908592 962976
1035477 1088719
895359 975291
838758 893728
1265436 1321057
841392 915634
909741 1011310
887472 942572
983651 1087956
837397 960373
865161 967226
958980 1017239
941126 998511
1145433 1199240
3030854 3096650
1256864 1316742
960967 1015851
891175 945785
842691 898863
1004015 1060280
905092 968539
867633 920403
1587926 1702280
1009698 1092883
837940 985439
853007 907070
701183 805961
910361 966112
716286 764961
832879 897783
919379 1029119
890187 990028
838434 893589
878965 954657
886121 952054
851293 904247
1371678 1694577
1080882 1131102
953062 1008614
999337 1056401
1086212 1141008
2886211 2998819
792860 853982
1437134 1532835
1014599 1169826
936798 989900
1107918 1222654
916974 999144
843676 948203
1221991 1283733
821672 976509
764083 917804
806962 904296
829563 907581
747543 796905
720905 775866
743422 796823
999732 1057737
759647 816155
741022 792663
710653 763813
940944 1044334
901323 957969
935195 1055610
1070341 1126465
750856 807447
993037 1113909
678221 739035
868902 925734
808087 866657
779692 840998
751145 857081
839186 897632
1847126 1899312
922761 1022136
2060874 2117567
905664 965377
1050308 1155543
921347 1029965
1250767 1612878
795892 936639
826230 883463
928990 985409
864200 917938
1008647 1067408
780790 834578
685572 739012
934758 989583
3594847 3724162
916451 972424
2214342 4612918
1008452 1128270
917743 1015857
728277 782632
819458 913656
727092 783099
1208761 1388027
909242 967710
811213 937607
826604 929585
862245 914865
813905 920556
716866 771979
852855 960027
960690 1014228
943647 998406
839755 898310
761877 817318
1029932 1133770
905015 1096818
2028040 2085412
902614 961049
1668941 1735694
1047243 1196059
755876 870686
828070 970771
894180 951786
776966 869111
799143 894603
883577 954157
807463 889911
787167 840906
849174 952484
752217 838411
864782 913565
761316 857746
934495 1034828
702669 753531
714813 820445
935623 985205
2163367 2217801
931324 1036061
907551 959878
876532 927038
761680 813610
720276 773837
785972 888918
943707 1037900
727052 785924
744452 852829
1091635 1144850
823821 919058
899706 1003424
787898 838458
692105 743917
1097180 1147848
924668 978436
968077 1223534
731047 782607
1577948 1633573
821399 874500
1324138 1678113
828631 886210
827341 957182
909751 964632
1356294 1620091
1018937 1200851
903717 958775
808114 863249
973405 1025813
756278 812565
842437 894017
806583 962056
794051 885984
752398 850351
1073328 1167785
724597 775314
968444 1088653
813754 867848
4235397 4292460
781518 899256
921748 1009428
827932 957507
1451314 1584805
2622789 2679609
1131909 1222734
1111378 1173207
920438 978404
819234 1268723
826864 874454
774599 821687
737417 825916
819973 870453
897500 944962
890634 1023808
781999 869444
829906 875754
764956 813530
901010 947769
812874 941334
879910 928312
1756793 1885162
780226 825256
836373 885724
980619 1030389
947726 1048314
1046896 1145650
775492 862849
843467 930378
746605 796724
968292 1072655
1047567 1182872
1054115 1112983
836387 884106
1038881 1086829
827850 914473
860959 917388
821234 867995
847481 949125
824808 910164
2591447 2638687
2110133 2162326
1099390 1199092
941936 1035149
706960 755303
828545 912530
895849 943412
932768 1019900
1014625 1111007
872434 922381
785072 882623
799019 845777
2676434 3304288
980863 1027288
826350 921372
703358 754320
2021552 2068465
912515 962136
695808 742792
762325 811079
1029303 1077201
860066 944331
887762 937682
1069506 1168617
803025 851184
841931 932710
844169 893364
832765 921890
931169 1019457
747209 853306
799179 906773
831922 914483
933879 1022525
740686 826771
771844 862683
787487 882417
900086 986902
819766 934524
804328 897968
815887 916023
862271 917698
919572 969513
1171982 1216119
899047 945002
956106 1034432
1077431 1243050
943081 988397
789812 836527
733292 820479
768877 858863
766053 815643
933366 980618
2082347 2129819
825819 871954
886787 938587
842856 952962
857975 906577
732650 789365
843175 926150
2057927 2104380
1019286 1127401
824774 875089
787442 835713
683472 727708
713028 764389
784408 872873
742707 790910
959162 1005515
811083 858980
695803 743430
1997777 2579154
842427 891573
778168 897666
716183 764143
875603 926251
1236480 1354268
965742 1014206
813272 921934
760650 807842
826135 874275
943869 991988
975572 1022608
790406 840549
853812 904328
837034 885693
787102 874961
925432 1012963
1737765 1786491
862827 924300
1034556 1085263
725116 799195
875716 985767
2071466 2667785
802281 849028
1077652 1127012
818324 882278
749989 802173
992253 1122486
768886 823031
1002727 1089400
895153 975213
1145711 1268075
1094580 1139018
799423 880191
742004 787662
689713 735702
818098 861370
696539 742614
869457 916573
952379 1008271
685236 731207
812437 859003
761431 840196
823814 866799
2017944 2060250
875361 959190
755622 838566
981755 1024258
829886 885756
759992 802455
843201 885400
774143 857758
733849 828137
661987 702069
771822 813341
831765 897307
860996 902468
786248 866851
825386 866710
631791 675103
745872 788352
767675 810930
882790 940216
685649 725365
749529 791620
882442 924168
689987 765824
823527 920940
718201 761038
843417 925565
713738 768224
976550 1060985
1549697 1629981
818354 862164
669879 712651
703898 801317
743714 798063
2042929 2101965
910566 953017
1047643 1130599
987757 1034394
1143687 1197794
769686 812518
764069 831063
882012 922785
1290114 1486722
1067560 1121519
672994 752427
686698 739652
660244 714906
896244 938012
701161 744228
1060056 1116804
851611 893176
774528 854223
751159 830652
761096 805006
815906 900118
755513 846226
850456 896407
661362 754409
671899 712359
2024883 2066515
1039985 1131699
735972 777369
737982 780092
854610 899208
695172 739295
962160 1008208
840076 898130
855082 897321
1043483 1088416
771258 879200
765991 806584
881576 968158
716375 802569
764182 806204
741243 787559
752265 837887
1928234 2484789
860136 915371
1048466 1167936
832064 914309
1033777 1077794
750152 834742
835295 909287
647807 687205
861054 900544
949950 1039051
706720 752091
744717 851111
822684 868096
912371 954338
588884 656714
766967 850532
1043313 1085320
657251 700895
723480 765422
836711 878408
897177 945816
823978 948893
774047 815362
692087 772176
747845 790917
756917 838147
712250 756081
885322 968285
1990257 2036665
910449 1007923
985142 1036826
722742 801485
2877481 3082268
829775 946000
879013 972979
916728 960729
869779 1005492
793067 837371
690693 734840
827488 870173
700636 800269
767936 849549
1872572 1916258
779655 883777
898392 976962
714030 756499
739027 844193
775556 818795
808217 851184
795443 897384
617858 696097
945615 1038452
1021763 1105525
1756084 1795316
736732 773501
714957 833528
901387 955516
972899 1077745
817959 859232
770442 811195
888337 976032
589474 660313
682796 722473
1116494 1268769
898656 990653
1199719 1323123
982243 1101745
882032 930663
733460 785462
755286 847591
855727 893444
747632 796766
721765 779184
1247174 1422819
927426 1015029
742993 783284
879190 967124
851462 893866
637271 728790
789045 878245
659425 703981
794268 838531
825175 954438
710043 752509
907656 953266
655300 698417
1225823 1356820
672781 727712
658663 712104
1930675 1977646
856443 903810
854498 904437
938123 981166
777732 860859
653008 741518
754736 797058
738514 827682
876065 997504
833612 877764
2964738 3010240
864063 912261
789724 832951
668495 712324
763010 812246
768540 858898
1174205 1263877
710564 797894
553251 590426
968781 1014485
876400 920949
715074 759556
918285 1053172
838627 882121
2011914 2055256
726362 819015
650927 691119
687058 765811
653857 701622
690351 733871
787349 842481
1071977 1221748
866750 946058
855862 897400
588155 626357
651169 729848
720772 760971
745143 859023
671199 714559
936287 982634
676594 717904
595340 638699
631660 670188
863192 977109
5398990 5985385
818296 902000
753824 833974
908160 953136
767071 809763
779174 825067
696559 786915
620024 663192
862198 905662
2889385 2929230
710847 762474
795711 860433
1082083 1168752
685622 729253
829290 867515
635695 677155
846730 932958
725824 770314
784048 828702
738770 782455
882935 928864
775117 820374
895860 951743
661457 748914
838643 924872
1117266 1292623
1102721 1166307
722615 790397
959921 1081649
744506 789961
943358 1074773
1144629 1260177
2057859 2097896
1173277 1296706
2153903 2197247
1267947 1361364
844016 886896
637537 679166
1001426 1041397
653322 692349
1001404 1043962
717462 797107
946129 985986
657179 697795
846556 927121
682962 724532
712268 750863
1093552 1170735
971612 1014106
720135 797692
861944 903228
712565 750107
762572 834313
820167 861917
1096376 1228609
655064 693754
858001 945336
634005 676117
841168 950162
937423 975522
981239 1019301
628574 670229
670796 773687
826844 866213
723954 852549
708947 749427
631213 696051
841212 910129
727009 791688
921072 997213
890643 965154
890545 960761
712661 779664
751060 816798
1042359 1109433
685023 753867
807054 889328
771831 814339
886268 941618
775387 842019
700037 743632
646558 700454
920229 1001920
790794 860511
745750 814566
645203 689711
758155 796051
711418 748167
710178 755478
729823 799830
626265 672899
509926 542014
688788 729061
2088135 2128006
948360 986091
655334 729268
1078193 1113079
571510 604818
777853 813772
760305 797023
858644 896752
852880 889841
707460 794799
743761 819802
597222 633056
700373 738508
708080 748161
855756 892984
663245 735417
913789 959243
654865 695949
647458 684449
647474 681579
813195 902509
692520 757342
837591 876052
664830 734538
610723 645487
996160 1038234
754858 794255
645975 679579
775165 809368
828992 897545
739309 815032
696480 758453
472399 509696
693224 727505
557233 592560
650460 701088
841300 916208
706047 761028
508719 542009
660970 724811
664505 697303
1067675 1135255
693440 764529
871845 911726
650181 693706
1254198 1337856
2063366 2105515
941401 1015179
726728 769078
874889 915419
1084193 1160530
726775 765412
682881 757240
672251 712426
730968 769954
845931 886975
1710211 1778786
700579 741241
777668 807739
635368 664451
729412 803620
787002 853856
701771 738708
657363 697036
776472 831525
666712 704054
730224 767980
910226 953962
749290 824916
733598 801489
800356 845082
995757 1035430
686963 761815
649279 689795
671839 714471
992002 1041414
774415 829851
778246 817827
764450 849622
847030 885465
920217 1013202
862018 934582
754954 821964
608458 643330
890130 959861
778209 814090
694607 766858
644288 684561
1064328 1103803
1239161 1397862
3048277 3092436
858975 900407
779453 817959
806065 843336
678740 717049
846609 887284
667348 719995
640779 679762
729986 813256
710558 749187
652971 690961
812978 879212
724140 789283
871097 935062
2156093 2195443
761721 800790
691473 734795
832227 871388
914604 993539
745437 808891
835856 864833
1951674 1989407
2096522 2130528
824738 861810
736168 796602
724998 815845
954725 997858
810664 849605
741998 831601
798623 831903
745575 788612
619457 655845
659304 696488
751205 793272
825659 864730
956974 1098297
831588 874526
758524 799399
778998 821974
671534 709643
804906 843701
658719 703604
665393 730115
981953 1119774
1226688 1386413
1934474 1975722
915799 1000277
856882 919462
706251 748754
755275 823246
810990 850747
685471 764422
783159 819646
800227 839311
758061 797304
738036 776739
972073 1051482
679202 726720
924264 988748
755386 833448
865535 919117
925013 966056
997797 1038204
967830 1057931
716390 752202
679144 717990
765657 800548
768390 848336
735453 815924
944490 1026483
669168 702118
800241 841779
754079 793726
857359 902486
811728 851096
693033 743685
709193 775581
757395 836651
2043251 2081820
913223 956523
739615 776709
774668 825317
1042774 1081270
773238 827636
822794 866822
773182 841781
680237 723457
1997698 2085259
1086962 1160430
803981 843625
703901 783053
813199 864437
983009 1029254
816722 856882
2309569 2411039
785398 824810
958170 998681
971772 1038928
681653 716490
687606 724517
868698 906764
698324 771060
789848 830336
697366 763653
654865 750521
854934 891210
793556 842971
823416 866512
672537 711190
809287 848423
626246 671925
1006701 1046775
800457 839142
759735 798317
2146948 2199057
1120827 1227682
651484 691551
552169 584103
736973 775550
675546 723650
662543 700057
746168 790139
543141 579209
1055920 1193814
1891406 2424792
2035159 2076942
863496 927667
1046310 1085629
1023304 1060539
730172 768309
752392 817821
675034 714542
651895 693515
1298036 1377459
1193273 1257363
781051 851706
669633 710742
789869 858196
710698 754458
689753 756032
940962 980155
641063 679226
692343 731985
877591 918041
673234 711540
690611 756933
851786 892333
871253 913243
840837 912545
1235605 1392860
782993 825911
765272 804454
788897 827959
3048623 3087834
766599 808784
816299 848305
653495 720911
834450 912128
742933 782090
1048802 1087317
696837 735974
783683 821748
962849 1037856
638932 677256
811447 877405
693843 766458
642808 681025
720115 755183
641796 710816
2077137 2126451
839434 876941
578385 616386
713108 778263
669649 716373
781733 820529
704744 771021
827715 878323
1018441 1068376
740378 781107
757434 826579
742935 783274
745053 817925
697466 736392
961717 1044280
653810 693231
660745 703052
712706 780186
634909 696217
834925 874313
709818 3125843
787796 890927
707333 770504
769191 808402
869226 907290
590525 634943
729733 773361
929404 972328
640056 691881
823407 860629
702955 782565
784041 854591
730545 797810
697038 763045
1259645 1411485
809512 853783
640706 678968
1219663 1327520
650399 689782
760850 846092
723539 762551
681867 748082
930791 1005769
2229597 2267790
803215 840020
896757 935095
887444 928231
1040154 1112215
799749 842489
1041265 1118281
1955069 1993717
828015 868207
683038 716485
724451 764171
668530 735086
5840956 5874243
649842 687817
836224 874347
663749 747645
726393 783495
1109333 1174548
633771 666440
591540 625624
686972 747627
2100912 2139663
706685 749708
759980 801716
693521 732493
979486 1021569
667324 708327
1021575 1061190
915053 981078
622651 663300
713653 760747
685063 759720
756300 794774
647132 686464
695326 735030
705513 770984
723429 809680
2080767 2122515
769724 814849
676283 741717
1186426 1371030
781386 821869
603001 643851
985547 1065925
950098 991962
631792 674195
801312 908971
790596 855259
739932 806841
1253763 1405993
932044 971958
911901 994150
745007 782601
761268 804354
720786 790612
988361 1028481
814263 854240
620187 658393
692391 735030
711891 750307
880294 918410
814549 878563
1038887 1180022
871156 913217
818247 857409
765810 805915
645549 707367
1144561 1237600
752847 802294
758922 822113
673900 711724
649706 686075
766229 805383
693569 765322
759396 801179
706417 794978
888723 928377
696057 736553
958129 1007209
642152 681444
668197 706251
873178 913399
715926 749557
774457 839196
621636 679408
567618 601416
642684 711698
791906 853008
668393 705952
647395 695086
746074 781377
662001 700223
572910 608824
693076 736881
1201104 1265991
911823 984026
1088940 1128805
1269686 1425152
1111624 1259322
726613 769580
834018 903040
882731 928552
750286 820434
789675 855606
1211192 1411328
723656 787056
702336 739917
731109 795975
733937 774786
768721 836069
877652 922081
761105 799787
725501 790906
614418 654685
776968 841821
945849 986082
1020608 1060092
679964 713254
905818 949308
679166 717560
961205 1042268
811625 865110
763575 815983
704713 742755
778809 822801
708760 774434
920049 988141
841568 904928
695304 732557
826309 887510
683983 721531
648088 713977
1102903 1198080
882035 921571
713773 751541
687278 756541
866262 903267
552560 586136
737486 806536
779352 886725
672094 708480
635143 671269
740460 776902
892092 955430
900152 943147
732885 765868
771782 807290
689919 781526
770353 840573
663610 702229
2139551 2180817
802823 842434
906042 948203
714648 754597
626087 687837
705943 786431
841995 880269
1018300 1053852
689863 728525
654681 687542
745152 815444
728323 765552
1848866 1887665
909731 972271
712866 786482
664417 705724
722758 825927
948381 986883
783521 840611
730911 767945
836622 872687
846073 884897
935221 977445
974817 1016446
701974 740276
914994 993290
619295 656837
841202 908407
667780 705506
773658 816695
644048 706093
666406 729488
624932 661887
1235970 1273814
751587 787862
832499 913252
694650 761018
598751 635886
690862 766510
708211 757640
724642 763351
643595 683491
648694 688478
785321 880614
911054 954050
1004639 1047363
810473 854194
714796 758215
1046012 1117102
715613 761329
798118 885981
1122552 1227538
744394 808784
704790 775222
781131 845881
729565 809711
674312 714408
614164 651122
713291 781998
1139275 1260087
862233 914283
803323 874528
1029310 1069853
924620 1014097
749429 801191
663476 707085
1040599 1185313
687119 726858
879686 930737
688194 727465
652521 692157
736573 807370
792824 857480
676354 721180
952243 1001460
755938 794435
907623 949710
925448 964620
1908057 1950440
884875 924805
705398 777060
735257 778806
992180 1072360
757332 796663
766398 807779
783324 825438
940466 1021698
724668 795642
886160 959003
705044 747782
847649 930768
667944 707929
934850 988834
734860 827057
770747 813430
964069 1003469
998210 1073511
620699 661736
766492 806066
675019 740412
811454 900008
551963 609354
852661 919369
1343223 1502772
1018035 1081520
723612 761091
843786 929094
728085 768999
1907710 1950548
2048650 2100178
744186 831214
821811 873604
706318 742544
683785 724170
638850 678578
991033 1052824
825477 878894
645893 688133
985129 1063946
555930 606197
888508 981616
693088 755718
751447 816321
622156 672042
851830 920834
526285 560194
2153206 2188910
732817 770524
858952 929885
747387 817663
681791 743712
725396 786557
624086 661889
964680 1063557
811051 847917
653873 714669
913954 973815
793855 860062
519499 551474
766364 804033
837846 878540
670584 733532
711514 776587
821179 858912
610747 649936
773343 812271
724503 761030
1928534 1981109
908334 1005668
679365 717455
691701 730838
616522 658071
728691 792052
745051 895104
597297 656670
796154 862261
653266 722914
1132242 1203887
750223 811574
716231 758158
845301 884871
703961 771111
724825 764197
641644 680855
1095912 1212850
859521 899387
638330 676956
707444 743982
820361 880483
1989070 2026617
968258 1003825
742792 782596
773934 812421
3330561 3431937
1074256 1189048
1081327 1197134
1636879 2310212
1288257 1403193
1764725 1894586
1191651 1308311
955311 1076637
1274842 1487856
1208340 1970417
1028922 1156198
1443047 1576190
2943323 11633296
1360572 1466892
1095822 1213832
972175 1088872
1451006 1563164
1248351 1574518
1198487 1396511
1163504 1382763
972419 1094146
1116220 1232744
1306143 1417797
1131367 1310843
1093889 1202810
1707252 1824654
1289415 1405577
1497658 1607958
1073407 1189062
1098605 1676070
1247466 1392984
1039310 1174778
1106414 1168207
1288346 1352053
1034735 1212561
1052403 1263536
1265593 1331899
1089861 1156216
1761150 1895614
993234 1119474
1016703 1083385
1150661 1218981
1198804 1260407
1092856 1156636
1162693 1225077
1070194 1133713
962480 1027813
1021807 1088631
976789 1040637
1304418 1383687
1172058 1241330
1263723 1329330
973451 1036618
996936 1059834
934597 1003201
1071914 1207426
907815 969218
902705 968245
1102627 1168638
954088 1018276
1100151 1229032
1134227 1385179
1165042 1253696
1302194 1365490
1120452 1182530
1012293 1077198
1157867 1220976
935137 1103563
1223187 1368960
959172 1026992
1045932 1112534
1052758 1125725
1066486 1127744
1053401 1119372
1081236 1148316
1077675 1266248
1012066 1076016
983022 1117957
901110 963198
985023 1053581
944723 1096557
1005706 1072637
1061982 1211932
1146301 1299586
2511131 2577755
1056268 1183210
2406708 2471789
1213637 1279617
1293584 1356787
1142047 1210834
1478668 1598979
1280012 1348473
1894519 1964086
1145391 1208094
1090892 1212476
959844 1024908
988765 1051588
955416 1078854
914670 1050351
946891 1039540
1078998 1145973
1104632 1170695
1304106 1455486
1037972 1101687
1688951 2027079
1047335 1111746
891743 955799
1508911 1774822
950084 1015506
1271337 1339776
893344 961305
1189132 1269208
1258647 1323178
1114632 1178712
1182446 1324968
1468995 1531580
1034142 1165562
998889 1079207
949813 1073773
1123912 1197510
976596 1044819
873252 938843
1037437 1174044
1020353 1112234
911032 1000435
994154 1105838
1246964 1366408
942536 1103764
958785 1118148
925632 992231
1182441 1246143
953868 1129746
923741 1098678
1117866 1179308
1134312 1256534
1015461 1128224
969301 1032290
1108893 1233170
1163111 1223535
1208126 1275150
1013644 1076910
896366 965729
956307 1017971
997520 1063368
1046008 1107397
1025171 1114356
1568658 1696843
1016196 1080767
1537960 1892898
951728 1015224
1040549 1184274
1016798 1079600
1181244 1240930
3366004 3430348
1015531 1137127
959296 1071520
948097 1070903
968969 1087812
1034594 1152612
913755 978391
1128313 1194393
994710 1056466
1002611 1063391
929380 993687
1165149 1279891
917575 986095
920517 991802
1045914 1112061
1081441 1190408
982638 1095044
927552 993023
1233085 1367698
971166 1034910
976446 1090755
890379 957144
1027343 1091085
922108 1030632
878279 946779
943406 1009169
1170640 1236543
1008478 1073279
890484 1005176
2341206 2413035
1191018 1340355
1008093 1149908
957487 1085025
1135483 1202631
944833 1060498
882963 949101
916104 977949
845357 912110
1081713 1194822
1164850 1274327
1033970 1099423
992177 1052212
909409 1023507
1120225 1180778
994618 1057103
1429201 1599096
974224 1036339
895953 956995
1927739 1988660
1085573 1145095
982760 1059723
1123889 1195750
893828 954760
978754 1040742
980535 1045021
882596 944163
862533 932920
1014628 1083933
3458060 4652537
1016279 1170273
1098326 1160927
2283131 2346898
1060863 1122233
863295 926992
1018017 1264727
1597227 1668882
849485 911563
1342798 1548343
1007767 1118357
973491 1041398
1182709 1301274
1188026 1318975
953830 1015143
1183556 1241129
910405 1085535
988444 1163932
2392903 2457843
3397590 3456898
1039680 1152030
1078666 1138775
1429156 1528643
999843 1061566
890256 998073
945632 1051275
988506 1088229
1100449 1202770
5920556 5982326
1049914 1112737
2414783 2478553
1089561 1194819
1447883 1669200
3457870 3519506
1092495 1159479
1133545 1200708
3363930 3432694
1072439 1426624
1128126 1184118
995082 1307392
1029459 1151917
944182 997428
998738 1090393
1502994 1709472
1401613 1519146
1180795 1237087
977035 1036336
1127258 1184580
923372 982240
988578 1141989
1776224 1830453
1003996 1106446
1081918 1234289
964409 1023038
872158 930375
915553 1024167
1043868 1100668
851910 910919
2352151 2412689
1014056 1070294
905728 965144
1039681 1097611
913264 1020348
1038661 1147075
919037 981391
891142 996957
1054155 1156643
996733 1094303
1082323 1236600
1013552 1116729
3311886 3371397
925206 981760
910109 1005386
999013 1056687
892388 951676
927360 1033475
830135 889042
1006051 1100885
2317153 2374778
999757 1056987
858240 957250
1373520 1476876
1082255 1183219
885481 941049
832691 903837
1098100 1155443
1061415 1175763
857671 914207
975977 1038856
1478916 1683017
3389963 3448260
972223 1023948
1002261 1098933
840263 904615
967011 1092351
1050819 1106176
914373 971189
1017321 1122186
1012834 1069807
1099127 1154957
945133 1003253
1022981 1203628
1009051 1115559
988139 1046133
892798 949424
985435 6318886
1162113 1273254
1383031 1495388
1067565 1122606
874351 988882
905516 1008722
842798 896417
899818 954771
884326 984315
1035978 1096875
994668 1048929
1052068 1109611
1039064 1099687
916387 1016911
1018599 1119077
1081854 1137614
918958 1015516
892455 951725
1033115 1125896
1073194 1130608
882117 940597
943691 998464
876962 935491
1029961 1127317
888414 986204
858035 925948
978347 1052927
915332 1015950
820294 876493
913707 972276
948170 1003421
974469 1029461
971488 1030050
1262687 1320812
952605 1049309
986635 1042234
1015628 1129747
1346509 1451013
1247366 1305488
1003214 1059464
1365417 1506073
1079027 1135351
883447 982797
1312883 1414218
987606 1081795
1163520 1220409
877682 931303
867123 921530
1063504 1160500
1161385 1274683
1162115 1217503
2504101 2564110
955322 1064180
1258783 1315040
929413 1027268
1000382 1055211
1390325 1503326
4212259 4276590
1025713 1080677
970942 1060769
994493 1062923
1465066 1612164
952394 1046257
1064889 1214476
892942 983649
1001778 1126846
826639 876912
934437 985248
901945 951613
887324 954299
1160571 1267145
854449 945541
925687 1020907
860100 912325
1121885 1235747
973968 1029255
947036 995281
861767 925678
871690 982474
877653 971205
897365 1011819
873428 977616
932270 1041427
854511 949745
2186826 2919044
914041 1041833
1119316 1171474
1393968 1532375
1145463 1200168
1180651 1233548
1147017 1248748
937337 988034
1251497 1347154
897477 990177
1263976 1318734
1194064 1287054
969094 1065498
955186 1008047
1097007 1207138
981499 1038229
3272615 3323367
1004589 1050996
1091562 1190902
1132028 1184000
2102731 2213027
993863 1086309
1016031 1110444
924345 978935
939269 995553
819025 870439
1013110 1066078
813514 868242
816316 877199
871442 982539
894557 952343
940105 992576
898297 947349
961329 1067917
2375503 2433057
937864 1027098
862544 959232
921157 987694
990828 1045538
825592 877749
904158 958253
1014544 1068507
966737 1059501
835462 932023
995684 1113819
843654 895812
932740 1030170
861519 960117
876642 973185
1014450 1064998
1322586 1457281
1019469 1112099
881720 982554
1006189 1058706
871583 931877
899900 1023850
849132 902364
1101409 1216981
975240 1028166
963366 1116939
3356982 3409188
954556 1004398
1412108 1634528
860710 964528
850266 905471
984243 1036159
1057250 1151688
1169646 1264343
1056968 1108488
923192 974415
921018 973287
966060 1026209
865119 964093
2314948 2363941
1021333 1073945
880248 995467
948710 1000327
909434 958564
981102 1037074
1005894 1056782
874287 965272
895360 943550
919215 967241
789616 842892
861968 957026
816473 868683
911674 962958
1124414 1178209
868230 923916
845316 895480
950974 1001105
968254 1029986
1195410 1243080
940679 994067
1011022 1059682
1087213 1139018
793253 847432
1050316 1101420
863158 912894
861043 913079
930370 1062057
4589270 4723055
1060768 1160693
1422385 1495003
1083110 1173432
946679 1005829
860865 904330
1442127 1544449
862398 913849
1063353 1110784
1159167 1221262
1381623 1578888
1010587 1058554
1010629 1061660
1017411 1070031
977415 1069470
820117 871627
1008545 1052489
919615 969319
925812 1022685
2207699 2879282
924338 1025025
871952 918611
814032 859256
906021 954599
878529 971387
860997 910309
866812 969441
850167 899403
991170 1059575
1372649 1458114
2305395 2350453
909303 1012641
869797 921967
920040 1011279
851169 902021
785928 835058
1159747 1272462
836737 887412
1118089 1208871
868497 917725
791553 842013
831969 923893
1052936 1102710
1097073 1148342
1297442 1439183
978921 1028658
792985 837772
1062515 1111992
887158 932712
815697 866269
972730 1018931
1042167 1095656
856732 948755
781690 835903
782956 833847
878612 926890
1015079 1061313
2152201 2203177
1022664 1112736
798028 852812
934019 1053046
872394 917504
1071964 1121785
929725 1025872
844583 942089
1179702 1237597
1375849 1478235
1059688 1109758
900157 944392
826221 919985
906567 1043383
816690 864569
834929 884777
814193 912408
1075247 1122824
901324 1002764
807990 856871
879549 929662
1381480 1516078
1250827 1393577
999237 1087751
973749 1069779
949080 998865
1043435 1151825
992138 1041849
1044980 1094047
929918 1024752
792091 839124
1027640 1132811
882864 931963
923669 982138
936234 1034715
868068 915075
853291 951051
908216 962282
917525 965397
1041272 1087052
1014481 1111211
891668 991963
896898 991607
1109652 1156021
848629 940245
837188 930899
864276 956313
894788 1011337
884936 992296
924642 970388
1102895 1158676
892659 943496
1160244 1270493
965097 1014716
860937 907531
924456 1033075
995360 1045262
873358 965648
1190559 1279532
1286121 1433214
873100 924883
947229 999066
771481 821765
1164240 1213675
856886 915084
808779 857521
1208610 1258991
908052 1002863
911364 1004792
936050 1031973
2293009 2350737
1229809 1278690
957237 1054444
5765499 5829587
2599850 2656667
1036940 1126611
929253 1081929
987457 1032707
917795 1015635
879759 970463
794930 842205
771373 817880
742359 788385
784010 935562
1037073 1084732
824850 887380
1093792 1141585
1100594 1148257
1355765 1527519
881067 970681
1014662 1110342
817668 865728
1094792 1213967
1173560 1258970
940189 991094
863671 909804
800303 876626
842320 934872
1089508 1133067
875962 919822
894695 984828
862678 908138
762707 809596
796580 846998
813454 910482
890862 946993
1366168 1467044
798161 867922
953998 1004386
1018921 1064806
1121545 1165053
1059174 1107384
1193688 1242056
895362 938861
1128189 1219060
870382 921133
1120502 1170410
907948 952681
797721 888757
966648 1012615
983699 1030005
805016 861853
915077 2200925
807704 859851
2469534 2521652
1058648 1150580
2306674 2358232
1018639 1071571
867323 1032950
895012 940669
837530 902460
940178 987795
882900 962197
885864 928878
791782 876832
1250840 1296515
895562 955904
870280 948101
914339 957387
819212 867313
800676 883886
952571 1094824
898660 954323
948900 995515
886581 1006274
1040700 1132715
781019 833306
2182833 2231666
1092306 1138692
2332979 2378477
1296264 1425059
903423 996398
1045382 1089599
901326 946088
817853 896343
818560 866087
880802 932834
1142335 1219027
804319 880913
907484 952764
780701 827916
842104 888052
924739 1005042
881131 930622
1030109 1125404
797081 878767
922349 1057794
1082682 1174097
908935 958036
1057877 1163232
796007 849188
815120 859583
1048815 1093241
893746 968443
2447969 2493825
848285 936837
833334 912423
872989 922696
814281 863245
1364974 1543558
994768 1050863
937616 985807
780070 825014
2442784 2488188
2071258 2185095
893771 970585
880006 926971
758642 808251
787931 840125
958764 1067111
805139 855478
1429521 1524667
829479 874196
836248 879084
898594 976775
879736 927506
920868 1030946
863967 912677
810442 858107
915815 1048772
885511 939454
840646 883792
878321 921942
1067431 1113981
760284 803802
877607 968689
1117948 1186793
799837 888232
903143 951560
891957 941845
832218 883188
1001369 1050540
1140819 1193845
821419 870432
981749 1030600
1157575 1251284
914766 965817
854149 935857
1131746 1182095
804421 882224
838552 888625
1093325 1201584
836078 884663
1030060 1075310
876917 924687
952870 1044816
926392 977063
802793 890074
1002591 1052242
871165 935567
822362 870385
813803 863003
1026456 1076825
1061286 1107719
840638 887320
879122 931497
843251 926535
845640 893541
817644 867661
848575 892685
839028 918885
774160 819371
1249600 1299154
840150 888828
913811 958537
3261114 3310834
1002455 1102571
889724 969820
968868 1051207
855964 905835
2616880 2712992
790072 917281
1070123 1201301
864105 913798
859129 908671
803443 852340
1045312 1092583
1040005 1089022
941792 989123
1126668 1284316
1388472 1595315
992432 1073244
1339480 1514188
1084633 1134597
2254772 2917354
888958 957345
978361 1036077
846732 926924
990087 1150667
892632 979425
763556 810401
1236373 1282827
880146 958325
903611 956946
807806 890895
802325 850073
824449 883847
1085483 1134806
945482 1022316
1016831 1064112
982354 1030824
1115350 1159475
817848 861205
774350 817600
741783 789341
888465 935219
748616 799817
870103 921539
852169 929031
1296878 1374775
829637 909103
804980 852036
1079910 1123055
1018619 1112849
926367 1029675
852738 931764
751259 796282
943238 992899
828973 871570
1048216 1091083
921702 1013026
1334061 1474357
2256231 2303092
843180 890152
2228342 2272464
974536 1016841
1170416 1219624
767664 813323
776373 822921
938981 989070
799340 847192
888054 939076
982544 1031100
1286352 1365113
960538 1004646
2143239 2766296
849368 898779
783413 832457
972925 1021918
891680 937256
821073 867585
775683 819953
824465 874813
1137942 1223241
871649 915620
936252 982766
935566 1097642
908289 956635
878127 959335
868012 925739
866442 952907
782886 833015
840196 915890
997385 1041777
1109203 1155912
876194 935747
1034751 1078513
864504 937517
819816 865808
863123 910976
894223 951468
1193665 1238589
1093586 1167231
997786 1127776
942439 1022263
976056 1025610
908526 961982
879848 961691
1026860 1132909
800956 850660
852725 904826
878265 957601
1153520 1197335
1111027 1192199
1230138 1331898
841742 887918
908260 959708
816989 914547
898125 944047
871984 951711
1211346 1320241
838826 914321
1002656 1131110
820671 902263
934455 978050
886082 963660
1063673 1163528
843227 921911
905803 989534
862710 945004
1086004 1136641
831335 879449
1096703 1175261
835443 882479
899549 955794
882121 995020
1039521 1132130
1307881 1390196
851498 901620
804978 851269
871727 950405
979890 1081888
1082511 1162890
1150493 1194708
902535 946996
1053049 1139883
845925 894134
775028 823279
832802 908189
745659 808373
790903 845064
895663 942312
949202 1029284
1037969 1086728
2358732 2410335
1123329 1167541
982601 1036095
948105 1050638
1116406 1161749
1018296 1081437
2212169 2260283
948205 1024960
837225 913255
865793 926383
1090539 1133286
845547 893383
878291 962107
898457 944983
972408 1051684
1032334 1081098
871509 918163
909519 991655
918869 1050549
1023456 1072207
962838 1006031
866645 915406
775858 820407
948057 1025083
1775799 1949856
874802 922397
797415 875195
850167 895411
955991 1034680
836648 924086
850877 893766
848955 929338
1223385 1303446
1078005 1164414
2181552 2240898
1032380 1085811
809449 861061
835860 919194
1017855 1067605
768300 818200
792142 836000
1067998 1152245
868490 954421
1330557 1456287
961768 1011736
806355 853413
884323 931520
854127 937939
894224 937370
2206037 2254418
841933 885003
916146 963913
827503 915520
903884 951389
873598 948220
905279 953682
910438 959516
960729 1008704
812762 857910
823404 903306
771140 814778
890993 975950
858685 908926
885280 967612
756834 805023
2359867 2410692
1065517 1146685
909272 953106
888884 974046
912209 995693
815893 859662
1162575 1214134
6561548 6639538
1202721 1253765
943186 991776
907090 983800
837486 883320
1073283 1123187
822666 866217
943872 1078280
931671 1010555
967490 1012236
957081 1006685
1190468 1237810
929470 1005432
861792 910830
860589 907829
1093106 1143857
878365 956290
1053139 1134406
988170 1065901
1035370 1081332
888700 994669
1108444 1155975
811634 863853
843806 894605
921884 970070
983711 1037470
871386 953388
835943 883130
902928 948373
915283 998734
825187 873964
2209656 2284379
930230 1013281
820488 899545
2221778 2269338
2228466 2295311
3397477 3446243
1144334 1232326
1327102 1406296
938149 986689
2121941 2170868
957786 1048945
793362 840189
934429 998452
771261 820613
1014709 1058003
1003383 1081813
956807 1016548
905919 953621
881377 927864
838464 917839
809744 940571
918290 1001338
881033 926505
855026 938500
3329331 3374781
934997 996288
2404936 2455879
977166 1020109
1254293 1330927
843568 921904
863052 909832
1098490 1191618
960340 1018062
768049 816436
760562 810936
902005 945215
1092857 1174756
985774 1039102
981956 1026134
803545 879080
828447 876029
845979 891995
2095828 2699234
1086447 1135148
832083 880932
1459480 1541716
1043208 1089913
2214067 2258420
897479 944039
2243057 2285695
887484 932513
1069448 1151749
904124 953573
781353 826982
839398 885317
970918 1012735
847841 895263
799290 876708
895113 938216
882362 965263
815426 900006
908916 959274
892401 935289
792776 841653
971934 1020580
953227 1032660
775563 833822
1055960 1101235
948374 1047517
890309 938909
774476 834993
1076276 1153479
755662 801918
753670 803220
973610 1016719
880715 957691
848776 892043
883990 963523
792944 869603
1098074 1185588
1016811 1080538
1223652 1352196
1537233 1726474
806787 855203
873560 950501
1188592 1240690
908334 986078
855159 898337
776588 830661
765234 814017
951469 1025674
1000328 1048867
840927 918555
1061734 1156110
1375937 1467215
779454 825098
953686 999805
919372 967895
843003 885848
760284 806428
951861 1027423
906983 989514
959162 1005716
823217 872300
809324 858115
832172 879856
838560 884490
1130866 1210735
861513 904574
749710 799643
896279 944382
895332 984051
896061 947176
905146 951642
747949 796127
898339 977048
786466 871853
865348 913826
971412 1100172
887054 970112
933995 980829
730000 773789
849052 896481
1144760 1193829
876276 955837
791849 841058
932992 1039831
802851 845244
805402 899245
781619 867811
894589 941167
1100500 1145150
944023 992232
909147 1035673
903147 982100
1146512 1194403
905268 962803
948314 990642
883382 928462
811393 889600
919671 1046447
754199 805048
905926 1041067
779024 828342
919897 966261
959843 1001900
1243604 1323987
991548 1040688
754345 797605
1218468 1264451
850955 895614
850226 900088
782555 858509
833648 880859
821072 867163
930321 1012834
973941 1029922
816662 864753
957160 1031671
837275 3310881
890042 1046081
895298 971356
844359 886027
999899 1072398
1022298 1064645
769587 816362
1106988 1162651
816007 882079
985547 1031043
809318 887710
979699 1027108
954749 1029520
798678 841354
894199 979065
921265 1025931
848258 961643
740798 787886
774805 868350
1066183 1110623
843488 919685
787958 836153
764078 813188
970155 1013331
888263 936320
745864 791226
819396 862328
1000662 1046056
828354 907247
791214 838691
787358 832604
951232 995490
915339 962986
875594 954917
931152 976825
896376 946450
859636 940391
753844 798647
876446 921536
899074 940724
972320 1019817
865729 911949
1113949 1195468
814874 898914
851031 928659
740604 803330
1028110 1122753
921715 1006439
891688 934217
961294 1039144
790956 840358
945526 1072764
768220 827191
998317 1041685
892822 969035
872843 952054
2300579 3421579
952765 1044361
1313908 1393240
1205585 1282332
980891 1065084
992488 1070850
763468 814945
874305 978257
1025396 1074367
819976 912148
951805 1008996
826817 915253
2209341 2255313
2265131 2308340
963079 1009776
1401504 1569032
871818 917204
739080 784579
772272 815599
741216 789393
838532 880882
3320062 3368663
842670 884153
854155 943189
882544 963272
789311 836775
757009 804457
863856 966961
936502 1020748
838528 913237
840774 885082
798833 845364
1073561 1120528
868800 959889
1392900 1572046
827046 900011
821659 881481
871113 949157
2240316 2316167
902960 1005047
945274 1025273
841244 918568
1067364 1120515
828796 901732
878765 956884
948244 990512
949411 996604
792898 868010
822193 868178
896994 944520
769756 849167
