215925892 218254382
25475866 26518643
3313429 4122443
5811786 6315932
6941218 7936667
7680280 8654440
8108542 8844224
2765190 2916404
7452611 8772229
7840186 8401806
6980758 8422804
11449408 11671954
2799785 2961495
2314492 2469557
2483984 2634168
2203695 2454583
6655577 6817843
2095419 2241066
6653150 7633369
8751823 9073226
6927908 8636627
10288401 10778387
2605796 2755844
2225713 2413761
4630651 4908746
4375075 4699924
19738078 20074822
22379811 22504589
3399688 3546505
4556924 4831664
5961021 6496352
6613049 7096601
2109403 2319409
2269327 2403316
3672211 4059622
2189533 2563561
4336605 5026337
6373300 7120792
8281494 10493781
2442977 2624101
1849094 1962622
1777424 1931652
1701267 1812971
2331809 2470857
2924265 3040178
2487667 2624035
3130531 3253119
2023532 2228298
2532153 2681742
2689061 2805287
3112136 3237383
2943612 3522535
2505763 2766338
2897606 3042349
3349792 3690095
4153593 4425181
2066758 2185583
2312346 2446228
1664375 1772058
1845627 2119208
2309253 2449080
3709765 3863837
2910460 3896275
4545625 4730131
2064161 2173195
1827589 1948772
1904947 2015999
1804958 1923674
1834524 1944789
1863483 1988623
1763911 1879679
1782354 1910940
1965537 2098591
1990489 2127549
1815351 1934932
2010009 2139600
1886468 1994776
1826194 1942798
2091150 2213187
4354370 4565464
1891774 2048161
1989245 2158894
1746094 1863825
1653918 1793029
2050167 2174748
3559380 3675814
1918528 2036322
1726496 1840589
2201442 2336623
1738472 1870063
2356628 2562740
1814044 1956350
2029337 2153271
2413425 2606864
1912509 2033520
4424013 4534053
4842621 5484090
1897627 2059179
1777353 1886233
1579511 1691145
1692869 1797852
1861100 2022144
2330792 2559028
2461674 2633499
3018558 3137819
1827353 1937146
1746320 1864055
2297644 2980032
1995291 2108805
2452278 2577946
1796200 1906031
1774752 1943141
1749591 1922444
1932425 2063794
1604320 1764183
2003529 2257405
2602813 2750093
5349816 5573797
2401359 2636543
1769934 1892833
1902448 2041065
1714839 1830455
2016534 2198520
2127745 2735544
1770248 1890537
2663767 2885527
3298636 3729197
4057805 4208513
2299388 2433559
1596922 1717863
2090301 2226312
1554629 1671979
1602700 1752818
2259073 2449143
4901854 5130074
2873873 3420811
5717663 6171660
2136963 2304610
1979137 2120496
1826500 1979004
1632535 1751368
1606225 1724337
1913735 2078784
2909930 3138100
3714270 4209289
1689594 1873938
3440875 3574493
1718679 1836591
2077798 2237474
1750931 1911218
2017950 2333042
2424268 2570958
1715412 1826193
2231830 2379946
2079349 2201867
3069521 3191628
3503703 4100484
1580276 1694919
2058308 2221857
1603183 1751535
4099609 4503263
4577543 5684416
1797443 1959166
3806879 3990808
1624232 1741237
1743834 1872538
1589200 1713389
1574912 1690683
2181452 2320723
1725760 1876925
2287506 2458629
1692047 1807582
1745722 1903205
2053666 2205403
1718884 1878286
1697154 1824478
1785354 1905780
1648781 1791850
1666606 1794383
1548376 1659959
1663069 1881997
1536542 1682563
2707324 2834332
1843971 1973468
2063083 2234756
1633434 1797892
1814821 2011253
1612179 1758746
1685876 1835356
1671636 1851364
1969142 2116667
1796034 1940472
1800609 1929233
2154820 2333124
2471870 2589600
1666519 1798619
1603399 5589766
1627089 1793737
1854470 1980600
2240744 2358129
1871557 1993424
2831148 2945651
1787660 1915974
23225909 23343341
5164626 5579867
1697655 1857545
1414419 1526360
1896509 2099329
2291466 2475095
2077047 2218756
1831601 1946069
1779358 1891925
1871416 2043204
2315389 2461600
1928595 2073389
1649481 1763113
1844872 1950301
1690682 1820211
1665828 1840598
1500004 1606897
2108123 2319632
1682398 1807237
1510950 1620065
1598935 1714592
1600421 1787756
1712932 1830236
2227765 2488866
1595629 1736964
1642214 1758814
2041713 2165770
2170232 2295224
1753674 1870830
4171095 4335703
1671736 1857673
1417019 1563027
2094401 2270303
1744714 1877632
1570576 1710842
1654480 1800946
1504575 1614301
1935086 2079865
1549042 1761508
1867137 2077066
1732861 1879168
1699061 1842777
1955730 2092119
1789545 1938782
3866871 3926562
1704951 1762014
1505811 1621075
1609545 1728680
1852528 1982157
3105541 3310386
3774323 4247868
2033917 2155927
1964529 2257766
2284426 2434314
1803163 2166226
1580952 1707816
1790426 1908408
1650861 1761625
1736521 1853627
2122107 2418265
4449946 4573567
1917480 2038877
1846784 1978405
2885553 3002781
3866085 4014322
1612817 1760110
1709753 1854594
1551822 1677569
1564921 1677809
3638940 3801310
1953321 2081215
1556096 1695269
1630412 1745045
1440775 1571505
1556711 1670072
1781169 1973239
1928700 2087093
1580505 1724642
2066235 2200189
2984794 3090986
1959678 2121736
2202925 2373970
1462098 1570817
1561654 1670609
1720345 1859494
1475481 1582378
3922551 4054365
5157450 5266873
1884280 2406263
3375044 3491088
2849618 3467729
2082791 2202381
1605127 1738344
1470775 1607890
1707847 1843305
2531341 2646925
2077625 2211680
2095094 2311870
4286249 4341113
6004063 6058636
1629402 1736085
2433280 2624357
2008838 3151165
1589216 1729949
1650828 1762504
1666038 1805456
2017428 2181273
1774882 1899260
4234412 4363893
3544145 4154230
1645941 1795801
1619958 1801175
1769644 1919081
1753547 1875537
1636394 1772020
2141270 2306597
3634593 3816610
1564802 1703047
1973874 2098481
1643919 1774106
2732695 2888013
1899410 2021317
2292063 2459308
1671658 1795496
1754312 1877800
1674865 1784789
1646109 1781374
1752372 1935659
2183810 2363406
1775359 1884640
1538792 1675060
1629183 1741633
1825539 1962579
6018886 6229794
6699580 7156260
1580623 1694932
1416620 1545095
2982644 3131773
2070395 2331935
5769742 6282958
6482627 6606234
1461142 1566894
1973983 2108994
1589453 1743437
1420371 1538593
2052386 2184446
1562517 1677446
1418487 1534362
2916727 3499953
1568824 1696715
1445443 1585100
1577821 1691780
1762059 1877790
1958205 2091646
1508369 1660910
1488211 1595352
1371996 1513750
1580876 1700426
1958798 2088274
2212598 2350620
1439549 1554457
1582346 1705455
1547994 1665441
1529160 1672996
1547260 1655553
1388180 1499633
1416289 1557717
1708473 1831245
1339980 1444803
1497831 1647969
2451648 3360940
1404770 1512202
2272347 2428127
1623236 1751996
2017248 2186130
1508151 1665798
1346808 1494618
2206566 2366355
1987687 2152070
1363744 1474797
1797444 1953965
1734171 1884524
1875310 2038268
1715908 1842348
1987159 2147268
1292979 1423061
1385374 1495973
1708406 1830069
1879470 2014562
1596941 1715012
1696736 1844609
1567667 1680746
2856041 2971432
1607176 1763017
1367111 1491956
1648235 1762315
1455940 1591675
1707293 1822230
1899771 2017871
1406967 1542959
2106758 2258913
1834110 1965587
4427285 4560255
3084857 3305757
2667444 3163074
2008354 2174230
2995471 3134998
1392168 1503542
3736183 3858697
2952760 3614155
1569948 1690467
1442751 1557229
1942757 2077482
4186984 4260425
1861617 2032350
3143354 3247299
2055988 2410117
2045849 2210022
1930954 2070393
1970932 2136249
1698488 1829829
1803248 1934360
1913067 2074888
1944483 2123208
1923174 2062143
1638498 1762671
1503034 1621867
2198004 2362714
2231798 2369116
1726604 1862023
1527882 1650033
1693563 1819762
5808202 5954197
3582874 3699737
3579595 4027099
1585822 1733290
1830649 1962989
1917593 2061698
2137445 2281433
1689807 1856699
1770145 1928250
1897222 2080025
2001776 2171708
1527110 1666006
6845804 7017899
2217267 2414016
1982621 2109147
1848378 1977407
1368732 1516359
1968897 2104204
1748087 1906994
1879656 2044379
2623684 2898357
3313303 3915595
2071950 2206622
1776316 1896816
1328290 1438581
1902604 2033438
3767633 3828826
2062196 2123608
1544415 1695567
1453912 1567413
2443642 2679530
3006375 3488676
1751778 1882299
1503397 1612158
1491602 1629567
4797777 4911049
3722931 4831280
2199005 2400120
1383079 1511169
2774727 2880401
1555689 1705229
1441915 1594382
1533886 1654103
2148103 2293573
1733805 1874276
1441988 1541021
1433198 1606803
1621370 1742328
1625882 1738892
1416676 1570322
1415318 1555516
1653840 1777880
1452325 1560569
2078750 2234128
5264850 5381438
1940039 2057119
2553121 2657639
1369655 1484002
1534823 1674589
1458296 1617293
1405117 1566206
1300856 1410668
2115702 2228391
3421196 3554781
1403306 1539880
2108886 2273849
1480319 1628799
2086193 2345738
4142340 4590361
1688530 1802262
1573170 1710041
1408411 1557922
1995334 2139152
1396797 1500028
3935148 4092040
5843335 6352519
9733894 10019677
3425853 3584489
2153886 2291792
1917184 2058677
1715470 1868026
2781461 3020139
3674157 4222265
1413204 1531472
1980174 2136694
4527394 4673937
2967761 4048513
4562163 4776884
4457687 4753480
3209083 3536119
3665283 4587017
5625485 6072701
3591014 3873030
3602713 4193599
2000672 2150986
4987588 5149623
6379516 6532982
2613540 2719583
1851632 2065213
2118163 2295877
1834853 2010787
1785065 1948738
2848255 2987517
1446023 1566062
1406590 1550579
1845903 1992461
1501832 1611737
1335517 1442439
2083972 2221956
3303165 3430502
2272181 2885878
5428042 5533908
2048814 2209674
1868923 1993286
17867731 18000036
5136883 5771085
4819850 5787492
7163079 7276480
1705010 1918953
2760556 3294920
6419357 6642537
7144316 7513135
1238398 1342422
3331369 3469965
2716511 2768950
1447345 1582166
1457250 1568309
1573671 1684877
2145226 2311817
1434434 1561672
1402574 1506156
1644731 1757122
1548480 1717736
1644412 1760466
3585072 3636522
1792859 1931731
3105564 3253523
1291070 1408047
4438014 5094862
1977725 2591824
5883087 6158800
8546682 8676137
1259753 1362969
3563207 3682411
2825035 3227788
3001477 3149673
3332730 4011200
1384984 1506556
3064749 3189146
1584351 1740774
1574488 1700957
1327876 1437543
3520720 3635377
7486252 7635590
1429919 1545501
2061041 2286106
1787056 1920315
1390866 1501803
1788879 1920732
2465027 2714319
3056417 3578670
1391705 1502603
4017040 4137980
2139472 2336950
1377776 1500369
1319533 1457572
1584073 1686752
1325640 1481473
3125704 3715927
1461870 1590485
1409972 1544019
1652356 1768734
1737801 1866582
1996453 2123950
1392631 1547791
1318017 1422815
1514477 1648473
1286023 1393479
1625733 1744014
1511985 1614712
1285453 1428488
1631544 1766527
1665508 1840129
1764809 1894750
1630846 1778846
1401671 1507758
2333945 2530203
2844270 3183412
1804922 1928413
1361544 1471822
1475943 1597865
1428158 1575186
2023915 2145581
1865787 2034287
2042113 2240235
3095312 3432264
1397176 1530773
1284532 1399087
1550542 1708088
1427659 1624191
4163994 4279060
3690114 4235311
1287387 1419427
1825919 1978415
3949996 4099222
1278053 1382126
1390067 1498837
5211418 5344818
2062273 2182631
1383887 1586585
1616339 1741046
1310752 1420107
1758157 1918217
1316050 1418486
1515111 1618987
1815585 1958428
1635851 1779436
1630174 1793496
1419846 1530316
1413334 1523281
1534435 1673993
1497443 1607404
1656230 1833471
1359255 1467809
1344843 1475803
1205195 1320244
1892011 2077064
2104913 2233769
2195832 2304278
3115049 3227763
1654786 1804710
1248812 1366111
1496491 1636565
1159678 1261460
1279593 1421320
1533265 1676460
1692653 1808099
1679061 1853976
2239883 2540696
3872128 3978738
1333317 1441432
1363149 1492535
1918269 2068254
1369926 1509493
1464324 1601706
1405847 1565459
1616150 1736817
4998423 5168469
1565478 1683244
2668914 2781307
1403968 1513847
1411100 1552356
1649441 1783496
1611310 1728800
1359776 1469310
1395553 1518458
1318131 1429151
1410277 1552475
1666629 1768615
1376329 1489358
1290982 1412163
2854643 2968543
1772803 1898997
1739277 1984413
2792804 3280253
1321842 1430433
1521435 1636707
1435053 1560561
1951609 2115307
1385886 1521885
1327567 1462747
1370213 2659108
1727808 1864085
1931386 2073999
1607238 1769163
1623312 1742048
1828274 2040481
1725343 1852361
1468656 1585233
1490175 1609623
1750666 1898280
1359667 1494067
1400232 1535718
1462797 1568173
1344762 1495704
1524778 1669189
1622830 1727568
2578736 2793727
3250741 3543398
1939857 2069253
1613787 1749581
1347550 1457909
1374445 1507235
1321039 1429913
1405033 1504806
1453634 1575194
1772817 1894047
2537356 2687193
1503338 1616896
1399890 1536813
1662855 1821906
1528839 1638012
2151258 2302897
1951832 2086289
3190388 3307181
2543121 3165904
1851373 1992352
2804241 2924245
2069471 2253392
1652966 1776510
1457865 1563792
1769884 1895915
1886665 2017410
1389201 1530388
1190421 1288976
1298786 1421037
1243071 1355210
1869628 2032253
1482567 1597201
1339661 1494277
1368177 1476566
1238631 1364569
1989840 2158828
1411921 1591693
1439308 1553745
1876428 1985987
3118548 3225106
1586537 1703656
1969194 2109016
1285379 1412647
1624551 1771609
1359584 1473165
2031971 2157126
2612666 2824053
3271613 3559701
4280247 4406233
1601220 1711361
1366193 1474120
1882224 2050615
1949409 2112543
2439902 2648894
2981090 3437055
1980316 2154743
1666744 1821022
1435158 1548986
1422810 1554180
1329735 1434904
1880132 2016700
1442802 1577479
1703712 1813576
2268446 2490613
1584527 1730665
1912094 2046011
1333352 1445365
1374321 1483359
1274730 1379328
1497515 1613915
1749380 1883170
1387030 1494742
1364205 1515730
1335198 1442520
1261282 1381354
1897388 2060053
2037438 2265209
3514835 3647119
1578023 1698552
1312750 1423176
1751903 1872700
1464105 1574499
1387332 1544807
1706957 1811617
1359011 1499855
3056946 3194892
6479009 6531452
1389488 1466868
1578568 1647378
1518570 1666825
1300660 1418933
1890551 3614007
1493576 1608427
3499866 5808385
1485436 1601691
1799776 1935389
1352937 1460372
1577100 1691432
1442400 1580528
1621201 1818100
2127321 2265928
1304348 1435400
1345626 1454327
1473742 1589478
1686871 1831638
3202090 3363382
2520498 2972557
1233513 1337677
1872305 2092071
3088721 3220066
1629802 1881922
1130838 1242519
5574692 5746888
1324036 1428711
1494521 1605048
1805364 1959930
1393675 1493894
1687900 1796325
2940039 3044015
1229443 1344457
1930363 2100168
2188540 2388367
2439646 2774672
1318276 1421578
1334568 1455805
2052496 2190757
1558194 1661676
1255261 1369034
1530908 1637789
1195694 1323589
1878907 2014383
3109961 3248600
2475140 2908738
1238968 1341610
1352624 1459909
1945423 2084161
1414642 1549907
3456881 3591156
1372926 1484201
2537279 2643298
1816763 1978377
1639069 1759983
4003935 6412710
1951766 2090624
1471277 1585143
1894369 2028921
1955088 2085086
1282258 1390778
1409534 1522019
1345495 1508551
1777014 1908024
2272277 2445666
1264512 1395615
2994665 5528005
1443846 1583422
1951124 2086763
5752473 5892924
1718951 1845909
1780410 1997986
1353953 1463044
1993108 2130008
1868056 2012188
1350231 1459815
1479731 1587436
1339474 1450709
1882595 2050808
1888933 2023906
1478065 1613890
1490348 1658032
1674283 1808655
1899837 2062315
1822330 1955194
1605365 1729045
3623034 3750714
1595145 1718920
2126914 2262795
2948852 3085198
1999961 2132200
1860233 2140060
7136233 7192043
1736380 1882837
1825851 1962279
1765309 1900660
1755335 1881188
1485690 1671228
1900163 2045834
1762622 1894888
2036118 2250983
2864507 3479642
2853319 2978564
2000669 2194149
2025922 2164641
1916167 2065070
1676407 1799874
1276008 1422794
1812961 1957458
1837377 1971812
1666663 1807616
2201693 2363229
1610260 1757686
1765244 1897120
1682336 1842448
1488430 1608355
1459643 1599750
1456615 1574775
1805490 1943771
1332700 1468377
2149714 2335122
2667547 3167568
1197481 1331576
1985750 2119197
1366784 1466066
1523107 1673977
1762102 1959684
1610905 1730504
1878289 2001745
2247780 2353976
3890616 3940945
1282300 1335923
1485783 1534684
1508782 1668646
1686540 1840821
1831555 2589487
3297406 3403106
1300919 1407594
1758132 1887852
2799538 2954934
2272648 2821305
1431309 1561860
1339140 1471188
3743719 4049149
2452501 2563017
1436012 1573856
2733562 2855662
1380777 1500920
1913096 2051070
1265699 1395699
2715085 2886823
1359599 1486956
1364209 1495179
1935633 2072753
1630343 1742373
2510830 2645855
3386091 3545332
1639976 1792340
1786632 1947929
1491634 1610404
1586852 1740449
1282260 1391080
1191195 1298268
1800095 1957662
1871817 2035112
1903257 2040781
1472481 1613496
1577440 1738506
1759217 1917404
1838077 1977453
1879165 2018336
2300001 2521595
2850624 3349097
1867656 2001873
1402753 1530709
1728532 1856532
1539609 1692381
1714776 1870969
1789394 1947819
1215900 1340366
2226557 2454018
1255082 1377762
1243012 1379775
1251834 1385516
4217080 4379585
2134789 2421699
3726285 4092000
1593875 1737758
2096467 2265884
2773731 2888315
1851683 1986216
1348582 1480190
1366155 1489577
1827377 1961297
1390934 1501918
1569268 1712496
2546803 2651616
1415848 1547053
1926278 2079239
1488017 1606298
1354908 1488824
1387078 1499429
1747611 1891202
1996177 2133636
1225220 1364489
1245115 1377118
1781375 1913022
1349884 1471592
1783943 1923912
1338751 1467244
2599622 2704913
3000371 3239487
2452180 2969618
1942491 3717144
8882788 9173015
2748872 2849348
16914600 17028858
2379338 2522556
3631572 4166097
4609710 5416266
4945372 5397838
1378192 1506131
9089095 9201531
1684937 2035500
3817941 3923904
1864176 2067837
4170382 4278585
2378471 2512018
3998299 4159830
1829351 2027310
2930138 3054622
2317692 2963646
1769465 1936543
2012878 2163887
2373283 2508566
3427278 3597775
1501839 1641750
1812948 1968326
1733644 1964172
1842517 1983882
1238073 1345599
3315689 3418136
1778891 1943060
1530280 1658699
1559983 1694412
3904857 4015069
1750888 2024358
3054651 3196529
3143483 3381941
2671229 3241052
2871666 3007925
2854740 3382364
2829358 3188735
1795223 1932639
2102680 2271097
1924426 2067701
1818750 1961100
1259318 1377828
1808273 1964309
2112733 2249641
2597662 2955267
2797712 2901867
1850348 2005680
1734486 1864604
1732620 1915451
38714942 38869918
42676697 42925895
1452698 1953761
2234990 2353032
3225067 3333483
1926839 3193415
1779254 1912247
1359582 1482284
2932632 3064532
1630905 1763276
1717868 1877598
1381758 1515697
1717083 1843447
1710664 1841975
1619144 1746592
1665782 1797825
1592845 1723637
1402037 1518836
1666610 1814227
2006308 2163634
1299515 1445573
1552106 1677302
1788172 1974402
1332258 1435744
1846103 2012683
1372825 1481454
3496813 3650238
1330069 1468704
1858359 2045567
1802273 1963327
2560415 2673885
1397114 1533672
1384577 1494469
1279009 1407994
1675615 1797468
1306868 1411571
1260946 1393142
1589416 1695622
1564523 1710324
1588177 1700759
1713789 1842327
2052651 2281566
2594750 3015976
1624190 1754024
1487072 1658569
1272566 1379426
1364277 1474906
1288112 1393720
1554972 1695538
1726196 1891994
1403647 1536471
2464964 2652114
2137133 2548776
2015035 2178568
1569330 1697994
1384478 1533206
2501914 2602227
2931440 3605546
1245870 1356185
1614484 1756019
1232956 1353456
1311273 1427138
1379618 1481973
1329483 1501221
2452161 2562392
2917064 3541134
1301085 1410194
1500314 1606064
1705154 1848499
2428346 2654989
3101331 3693608
1318295 1472392
1206879 1334854
1343453 1461935
1859536 2028446
1305465 1413697
1417091 1534405
1196773 2004573
1241980 1424257
5054782 5192519
3936586 4427362
2485001 2700263
3054341 3394946
1297427 1407300
1765582 1909146
3330864 3382769
4728685 4820138
1376129 1487777
1328588 1436596
1755667 1900537
1359215 1502360
1365563 1470917
1493336 1591492
1302669 1403798
1847706 1970957
1569376 1680783
1744220 1855371
1187741 1316291
1831384 1952182
1886432 2038357
1613456 1732094
1283640 1429749
3736983 3869520
1889282 2009920
1836610 1951786
1344379 1477788
1176507 1277510
1796843 1918325
1236842 1379584
1675172 1796357
2553522 2660157
2029690 2613933
1301991 1419294
1315348 1418134
1965897 2151091
1435456 1556257
1486173 1579933
1307649 1462923
1405563 1504696
2055724 2184447
1672020 1791307
1493313 1602481
1339567 1490711
1180431 1288402
1730777 1874627
1753299 1922370
1352802 1455790
1264329 1385455
1584483 1698754
1805600 1935194
1554971 1649853
1197121 1294693
1226919 1352983
1608587 1778155
4611524 4758381
1465896 1569034
1547809 1644408
1291183 1422209
1247758 1356996
1402897 1501989
1277065 1375134
1256240 1364610
1266594 1410669
1142355 1238749
1598580 1716088
1379788 1491183
1333553 1456476
1155689 1252794
1556132 1658236
1865952 1989559
1517741 1622700
1468848 1565290
1439962 1563343
1346095 1445847
2439294 2564248
3600511 3725138
1444446 1569258
1270081 1405579
1138188 1231555
1816840 2053457
4057883 4147956
1216708 1348893
1324822 1443671
1138904 1228164
1161951 1280568
3696051 3793960
2221695 2446291
2739912 3165128
1430865 1535145
3305627 3400442
2665315 3246868
1052837 1141632
1324881 1435827
1212578 1325257
1825900 1980573
1215515 1325425
1576658 1709337
1914649 2069297
17466251 17589289
1546744 1676327
1894852 2016779
1199791 1303344
2443725 2541458
2611860 2656142
1481989 1557187
1319077 1410464
1309264 1406413
1287403 1383942
1627797 1768245
1785131 1917088
1344846 1443663
1932341 2764577
3092363 3641271
1193699 1287477
1542709 1669740
1213462 1310510
1501172 1661602
1191289 1298239
1445640 1574619
1255251 1351359
3022810 3137142
1412442 1511747
1395031 1524875
1577866 1693425
1504483 1632270
1292592 1421827
1153692 1258484
1701718 1855400
1700734 1829556
1180689 1298626
6197761 6329889
1966158 2112661
1735214 1854874
1462033 1567267
1130577 1224887
1104184 1212330
1660503 1782839
1943122 2067356
3465620 3508403
1177382 1217790
1229949 1341369
2484861 2524986
1877435 1976619
1275072 1386347
1210159 1361930
1414712 1525690
1172031 1306063
1459216 1577576
1322582 1430709
1676463 1809112
1211511 1329014
1887041 2056351
1781103 1921922
1266063 1361344
1546496 1662692
1586050 1723556
1238600 1330739
1561218 1675362
1597308 1786767
1402806 1505039
1473697 1603647
1245783 1339621
1868253 2014850
3506867 3734078
4087490 4624455
1614045 1734858
1239448 1335544
231654627 234390551
7638640 7982515
3355694 3555016
3490452 6976928
8163339 8685041
11577085 11897631
3123984 3410402
7823032 8723677
8121340 9153356
9086685 12006745
12856675 14294836
3439444 3682726
3562837 3777909
4773770 18690404
3235068 3437024
3937893 4152719
2886782 3076068
7662193 8993048
7121505 8594469
8081397 10505708
11387727 11879558
7583880 7768264
4277124 4453493
4910096 5308870
4115439 4544971
6117247 6260717
5147031 5719014
3092288 3265843
3042833 3280895
4063999 4250224
5646092 5887285
3953556 4158782
3005305 3176896
4522311 4709281
2889982 3817852
2983949 6178594
5580334 5760912
7005669 7192229
5758421 5955299
4479389 5139064
2257996 2406227
2793467 2966528
3168806 3405747
2587447 2748071
3067083 3347748
6802352 6949786
9400506 9947115
3657532 3906636
2065891 2204863
2321464 2467865
2160259 2313119
4775752 4988470
6781674 7493854
5999243 6487730
6412793 11278799
13324383 14059357
2660949 2829983
2748401 3006270
2470763 2629727
2961103 3187181
2383614 2584667
5964911 6158869
3399920 3579271
3026754 3225964
2631801 2794450
14831465 15976990
3974443 4678988
2703553 2917179
2597508 2871065
1985091 2127084
3380992 3544294
2204397 2358258
2304764 2451282
2262089 2422153
7177794 7608185
2255451 2500872
2813448 3034420
2672799 2896007
2641435 2816155
3901140 4057301
2304775 2501334
2293844 2458564
2661525 2873256
2811806 3103009
3594401 3747437
2150442 2417974
7035921 7217395
2772776 2945079
2930915 3107803
2447163 2609781
2838892 3007576
3001065 3172411
2553968 2719722
2817704 2986791
3752559 4116110
4361434 4742476
2684820 2854310
2277944 2476912
2620243 2838723
2192202 2349791
2552430 2709380
2755867 2922261
2872452 3042763
2143967 2288628
2799911 8229960
2494999 2653664
2748002 2930791
3167168 3463266
5646191 5940028
6767833 7150521
2588200 2765824
2658001 2823121
3871916 4169700
4895849 5557200
2033956 2214711
3592265 3764468
4940882 5123924
3539602 3711894
2499065 2663123
2031817 3566819
2333186 2523972
2453817 2620315
2635260 2846927
1856190 2447289
6951993 7275081
8004014 8597473
2521381 2724528
5802966 6069980
2716987 2928603
1971720 2114692
2580976 2759046
2129493 2312486
2542147 2750416
3466154 4069607
4284163 4927703
8165029 8351644
2669390 2838561
2680556 2915656
3671343 3965800
4587560 4937981
2065618 2222472
2472619 2643159
2538157 2711678
4018699 4284323
3403019 3727501
2654405 2828169
2377427 2586711
2608852 2779474
2985328 3300287
1791111 1931059
2142170 2323318
1906889 2045737
5202850 5374570
4866418 4958842
2250739 2446377
2282520 2427834
4361478 4558885
2539298 2738258
2590655 2796086
1957482 2129018
2084349 2238270
1938487 2086337
2579062 2757805
2235587 2395594
2573535 2816296
2073135 2241465
2296526 14956020
2593011 2830886
2635076 2866618
2234744 2429387
2473365 2672628
2211327 2404233
2523062 2692779
2563372 2768416
2003586 2178458
3291695 3502962
4760324 4933495
2164406 2317637
3588907 3917396
4606614 5014886
2375838 2533975
3160675 3306382
2404466 2568409
2627590 2840849
2138809 2340008
2262689 2451048
2303809 2457672
2292259 2450041
2510151 2686256
2248106 2434504
2219095 2382491
2217071 2411051
2411210 2611477
2589974 2763088
1955567 2096095
6350982 6544747
2001659 2150142
2263628 2424160
3101998 5028822
5798801 6227606
2313082 2462571
3771674 3914529
4427042 4974256
3232685 3403713
2715101 2881242
2027520 2173726
2325445 2479131
1939712 2081989
2369455 2540719
3237866 3553326
4258080 4663102
1725425 1908649
3805708 7315679
5830576 6069796
4550159 4710342
5861014 5997230
2484909 2655053
2258724 2567447
2412016 2578109
2524171 2690229
2548027 2717447
2301578 2490871
2442678 2716055
2782495 2986561
2698486 2913117
1779391 1916428
2808893 3028404
2048702 2190301
2179158 2396369
3808549 3983059
4727776 4843244
2579579 2752182
2351875 4228087
3009720 3214412
2625139 2811481
2667344 2878166
5505227 5822792
7132018 7494946
2670271 2875204
4622300 4713898
2469791 2639126
3582701 3747266
2540658 2705921
2676747 2917870
2439223 2621930
3593248 3756878
2254166 2410229
2375941 2526714
2471877 2673932
2606694 2775160
2580127 2822415
2583349 2816600
1923008 2092826
3391395 3583916
3176201 3469610
6426468 6737778
2670892 2837854
2744302 3178259
2309737 2459137
2466009 2781990
2494709 2733900
2048838 2189698
2061988 2231694
2447109 2680722
2559137 2744652
2035254 2178338
6949663 7111415
5043337 5730223
2461839 2637570
1877138 2050385
6851785 6996368
2007490 2199984
4541786 4686235
2587927 2761614
3431021 3639273
1817277 1955192
1939334 2117940
2270411 2462749
2574689 2781552
2616485 2865175
6244579 6328771
6472318 6546457
2239942 2391331
2530336 2735141
2522157 2686808
3372208 3715127
4415599 4803072
3096141 3301017
2064896 2242171
3854166 4182567
5011571 5731711
2371889 2583586
2236148 2419081
2534833 2743036
3976788 4245171
3279446 3909354
3515933 3672818
1945637 2128471
2398313 2572052
2982019 3146844
6981188 7123487
1963971 2136009
1727195 1864952
2556222 2759448
2464043 2636862
1880154 2031511
2079619 2232459
1862787 2008789
5013292 5231111
2590390 2759422
2343139 2571769
1840401 1981574
1854900 2343012
2476923 2683953
2567246 2727599
2333347 2574232
3417409 3580953
4024205 4752089
2095087 2276827
3014747 3185402
2580361 2777869
1776695 1971395
2220387 2371654
1992478 2132275
2511779 2728395
2679616 2940188
1820679 1955079
2285718 2441630
2520375 2694485
2419580 2621430
2491287 2662102
1851278 1984348
5143809 5283811
2278847 2437390
2462249 2665026
2910520 3071003
5213404 5456235
2324569 2488192
2419087 2623211
2392732 2582649
8552729 8701289
7483074 8026518
2772549 2934039
1745956 1917277
2057298 2216015
2500263 2675360
2339669 2510718
2594323 2768806
3806915 3964714
2488269 2649096
2662140 2895024
1748119 1889211
2190494 2394855
2734653 2949762
2398762 2559158
2950253 3159350
2257152 2469799
2658221 2823907
1840998 1979196
2800956 3004554
2501885 2754003
2007271 2146468
2375754 2539249
1882843 2030176
1948001 2126831
2623787 2833717
4017632 4321554
3521446 3859553
2390890 2590936
2082147 2222333
2367726 2579791
2513480 2683991
2381627 2582319
2582192 2726996
4431444 4568577
2404992 2589936
2730964 3446765
4779481 4920984
1732852 1870644
1984246 2207703
2467051 2675858
2737916 3355689
5247184 5414501
11528487 11863572
2338288 2500571
2483420 2704746
5256148 5444021
2017849 2167220
2186773 2367511
1935925 2074117
2640031 2853910
2152990 2303970
2001719 2172995
2353192 2514826
2113976 2309453
2283538 2476612
3255641 3595173
4256508 4938374
7680983 7820577
7212553 7752583
3766787 4481231
2853848 3928422
5155217 5285608
2379407 2627033
2599747 2768601
2693352 2861509
4438679 4581550
3480752 4329142
2704257 2909879
2525035 2732841
2864269 3036744
3831849 4510587
3559076 3941350
2397014 2561713
2555971 2782454
2422468 2595057
2592910 2760258
3227834 3370598
3855374 4664879
2657897 2830455
2646383 2868307
2473485 2672308
3738344 4404914
3305235 3470453
2514898 2691774
2383090 2594571
2560108 2727372
1964492 2108125
6170977 6340702
1997484 2172145
2359102 2524914
2810771 2982654
2080728 2234061
2348010 2560206
3736507 3959505
2326310 2529169
2953613 3258314
2057999 2205475
2613384 2788742
2378821 2550364
2423279 2589165
2480354 2644795
2270018 2439806
3649674 3939116
4562235 5249915
2403184 2574852
2047012 2235494
3131446 3357345
2223187 2435348
2136529 2324378
2665643 2891372
2380687 2577786
1748189 1904660
6277428 6503809
1774004 1908299
2393356 2553730
2252289 2409726
2768752 2980169
1894122 2032893
1879063 2096454
2421479 2577291
2525807 2689824
2943039 3250384
1884415 2066426
1913614 2061937
1836184 2010564
2387890 2595150
2571637 2774873
2436373 2597315
2989255 3138467
2044690 2199379
2297998 2459254
2349728 2541524
2125081 2272024
2078372 2232105
2301111 2503222
2105696 2257065
2411394 2572969
2482649 2645588
2272989 2434331
2060181 2249075
2352840 2512655
2343331 2508308
2195631 2356760
1883023 2060420
1626254 1758878
2323665 2484167
2367536 2529937
2382734 2553237
7965652 8110937
7170925 7769451
2223852 2375927
2660392 2822646
2015255 2191857
2533063 2698977
2090818 2244644
2295131 2485691
2428374 2596290
2190907 2371843
2356298 2557717
2285554 2713484
3040501 3174257
2373094 2577238
1802857 1980671
2696537 2861748
4873994 5021111
1840742 1972518
2284236 2490265
1732312 1865665
7467410 7607664
8125810 8650163
10398217 10784903
2516325 2729663
2408815 2570666
2531728 2692749
5756443 5893232
4115904 4886630
5646704 7012837
1985960 2141611
2423954 2625916
2192761 2382531
2531882 2725433
1541588 1680698
4263685 4430540
2632379 2948535
4912295 5048571
4226452 4897684
5634595 5776761
6980603 7148929
2392416 2562359
2680798 2891518
4358240 4519043
2256275 2465076
2262540 2428484
2270527 2474756
2212674 2381693
1848765 2002248
2615890 2813082
5196787 5352608
1960340 2135138
1552826 1708852
5080843 5212977
2407621 2606691
1786899 2760655
6760225 6930789
5188443 6469865
10835457 11135377
2250083 2447959
2506343 2669992
1792541 1964382
4367526 5233704
4633729 4760424
5788975 6671112
2170148 2910833
4381386 4510980
2317273 7843303
2071395 2221642
2457435 2618386
2280215 2447486
1919350 2101447
1721927 1860677
1835769 2011500
2251005 2408101
2464945 2632987
2073366 2258891
3000969 3322612
3918829 4447870
10587766 11602889
2380380 2541536
1668190 1811474
2010440 2171193
1803943 1994796
2293202 2466695
4008923 4150140
2522467 3500668
6987733 7150603
1842671 2006999
2169673 2333061
2580922 3179657
5124189 5261762
1861461 2044417
6932546 7345251
1884921 2022354
2396880 2558403
1667235 1840797
2237861 2407441
1723313 1918338
3254029 5760130
2332212 2496020
2449574 2655552
2499017 2666291
2326011 2484646
1747641 1939543
2201869 2364494
2991185 3148835
3358226 4112340
1795626 1933975
4265572 4416471
2505967 2717659
1905258 2081969
1815318 1959644
1960824 2128369
2232393 2434731
2169679 2402138
1798340 1962880
1906088 2073948
1639789 1815246
1959941 2134818
2422513 2590987
1808069 1957297
1916580 2059202
5026115 5113214
7150171 7219647
2244793 2445263
2312993 2511711
2029172 2172192
1937998 2089170
1803132 1934991
2159292 2318715
2122956 2277243
2119022 2287093
2113309 2288977
1548170 1681560
2132747 2293138
2033869 2181801
2130063 2329362
2555396 3186815
4274032 4435846
2043553 2192784
3642810 6640515
2152074 2303274
2076579 2221345
3779810 3924234
2425638 2658982
2411981 2640783
2578878 2807462
1807503 2011128
3085526 3220150
2213478 2369704
7439078 7617326
2397173 2565755
2603011 2945157
4899873 5032046
1890291 2038066
2075469 2225177
2384987 2545199
2662269 2913597
2141668 2337057
2329055 2589705
2191181 2358257
2463414 2627806
2051618 2249008
2757788 3021706
4635641 4768905
1838569 1987790
3257042 3559998
4133969 4792627
2169470 2332210
1738462 1913097
1565497 1697169
2199955 2362231
2178001 2347163
2152011 2342985
1715125 1853907
1631307 1798685
1674392 1811245
1741807 1883628
2277630 2435961
1826133 1961187
4767164 4910940
2138066 2323099
2038923 2187808
2411622 2601981
2225226 2418198
3716635 4003154
3226398 3584562
2121858 2310375
3677173 3973431
3149457 3778738
2261991 2848716
4274332 4405442
2114071 2275391
3474952 3655375
1664222 1822752
1543695 1675155
1850374 2031869
2339142 2530291
3841321 4042099
3040573 3588779
1987332 2125971
1681355 1851030
2329856 2496642
2140823 2333233
1809972 1960876
2030180 2191352
2036463 2242441
2243768 2407831
2111012 2301318
3452075 3810196
4343977 4769779
2042345 2197743
2164182 2325562
1610565 1790609
2168122 2333768
1476362 1613869
2896085 3038264
2216863 2371582
3201773 3357230
2418416 2640601
1632117 1762439
2385613 2548823
1644701 1835746
4994620 5128505
2166679 2328034
2043465 2197443
2112134 2267903
3037926 3376625
3826344 4482141
2078530 2236286
1935508 2080352
2064540 2220160
2262452 2427011
2371943 2566784
2135869 2326093
1702631 1906957
2394293 2594300
2028727 2205891
2516517 2729608
2027565 2195391
4676031 4807578
2085337 2232511
2270309 2457628
2311357 2480714
2207411 2396491
1625087 1759586
2235984 2462754
2141700 2298526
2677116 2958930
2118363 2303053
2280059 2439872
1597287 1729502
3445741 3611981
4157117 4324410
3339201 3905501
2150881 2312785
2019510 2173847
2206079 2368099
1902683 2061651
4728530 4932112
2665600 2875944
1888501 2019567
2140313 2303926
2303773 2561135
1661173 1794184
1964593 2116014
1569525 1709296
4997924 5183763
2206719 2362535
1806052 1959271
2224838 2388308
1908282 2058822
2250881 2414689
2085762 2247066
1752553 1928972
2354964 2548928
2246466 2431027
2185947 2346617
2789493 2969099
1776451 1940224
2519811 2682400
2112917 2275232
2228513 2396564
2233598 2416656
2024108 2215688
1933980 2114064
1982868 2189109
2379631 2540248
1639067 1798833
2128581 2295860
2271548 2488735
2165531 2339548
2246360 2410201
2129755 2326732
1570376 1703530
2164139 2324653
4426100 4513005
2258702 2344235
3617500 3879550
3064244 3692888
2188649 2378813
1645738 1786033
2313402 2483562
2103580 2290348
1554610 1691782
1866222 2052312
2189068 2357367
2110129 2282595
2193886 2357061
1623835 1782767
1864384 1944928
6093346 6239634
2193831 2360411
2183518 2346401
4426924 4516493
2409978 2568811
1581658 1734559
2404295 2599833
2401738 2568868
1553452 1686248
2037237 2197772
1647172 1809881
2218166 2412370
2213686 2378114
1788858 1935518
2294883 2464211
2173624 2324776
2245851 2408496
2154953 2402418
2454719 6733709
2460714 2626629
2103755 2362130
2386071 2543928
2755476 3357951
2152101 2311716
2964567 3127945
4143508 4620365
2353872 2596938
2133018 2303056
2223740 2477335
1890588 2026257
1918703 2102559
2263480 2428265
1966602 2340348
4664722 4829932
2186366 2376765
1772703 1916423
2335654 2530568
2297595 2462890
1630099 1768786
2767732 3540019
3417392 3551503
2123913 2317462
1613000 1788830
3217728 5438786
3738451 6414669
1576605 1710372
2163135 2353030
2662876 2852266
3180971 3335890
3664196 4165321
2081275 2250051
2230298 2428105
2267647 2477778
2333231 2582353
2003273 2177148
1940324 2091886
2140215 2330772
2327798 2495431
2104072 2277873
2210539 2399836
2860141 3124047
3714537 4356583
3513966 3694839
2160025 2325814
3111882 3266281
2076155 2237866
2134945 2303978
2284859 2448739
2081745 2234262
1641716 1773515
1778713 1921360
10909787 11122799
2280011 2442204
2363851 2558225
3305406 3562615
2892434 3413230
2079013 2229938
2282169 2452220
1762027 1941028
1940546 2101967
1506624 1641503
2285237 2516421
2366613 2557660
1843911 1986909
4116250 4328545
1818149 1958958
2175904 2366745
2218866 2389276
1898022 2076341
1663450 1803628
1896082 2082047
2280495 2440583
2302022 2461115
1658311 1799200
1663268 1806133
4008586 4171122
2250269 2440124
2946367 3110999
4441231 4576639
2052584 2213320
1979545 2163092
2061765 2323962
2232456 2422109
1840546 1982154
1787989 1932906
1994776 2156573
1982866 2158489
2136605 2298429
1497105 1628763
2045027 2227923
1972035 2118290
2368201 2570608
1714900 1876884
6992655 7162755
2248744 2415856
2110251 2308102
2213173 2377494
2099497 2303118
8079660 8236039
2620757 2826440
2342837 2579513
2132484 2327940
2149072 2313131
1747460 1909997
2081785 2275617
1556999 1709808
2219803 2444724
2149982 2308365
1757831 1899570
1680690 1815906
1819835 1983443
2119514 2282163
2076513 2238749
2082084 2285458
1916855 2099284
1827447 1970888
2173865 2362038
2070661 2242175
2106267 2328185
1959730 2188147
2368974 2564753
2485327 2650314
2191300 2361243
1904192 2055257
1564582 1701936
5107133 5285995
2181850 2379937
3309417 3739228
4265517 4629534
6380492 6516260
1903518 2101143
2333479 2497770
3514704 3681600
2084205 2244125
1669365 1808538
1686483 1868053
2521340 2686900
2027822 2198785
3401357 3685605
1585114 1721415
2975803 5536319
2111528 2271866
2399126 2568436
1878124 2034127
2658188 3023040
3124071 3293190
1766971 1925264
2318902 2493197
2120898 2284623
2048471 2249992
1935706 2173261
2006184 2160661
2348300 2509986
7553563 7795814
3905328 4536225
8408311 9078187
2757481 3036961
2181026 2356979
2089032 2280544
2353542 2520547
1511568 1641671
1607583 1768688
2349915 2512505
2091996 2282557
1975835 2130871
1887671 2071906
3316364 3481810
2176390 2346903
2095774 2257472
1774452 1923070
2129272 2277384
2087784 2249342
2016541 2176840
3829861 4140542
3194947 3595658
2381030 2608158
2276391 2445341
2048213 2209442
2128425 2297819
1700292 1831115
1708933 1840413
2785399 2928303
2444304 2637189
2107837 2275637
1880939 2068431
2953169 3119757
3589001 4094253
2161228 2325034
1874239 2029976
1834961 1987172
2033944 2203642
1826254 2012173
2075742 2240388
1925463 2108120
2138646 2309188
1497367 1659529
4901298 5160249
1573817 1737750
6264808 6484659
8190008 8427458
2402094 2735436
4418469 4579877
2252027 3401170
6142296 6288655
10499643 11060596
3471472 3630561
3989313 4558970
3447804 3691781
1400571 1526459
6857523 7013594
8088241 8687682
2089252 2313783
2136927 2319939
1927681 2091714
1764694 1842894
6129081 6338411
8390306 8559157
2214068 2367057
1992587 2142347
2042709 2180996
3200187 3496634
4085124 4450394
2263129 2456561
2198717 2355533
1699266 1877554
2309036 2494958
1495147 1619907
1603681 1729097
3339967 3647174
4156624 4857565
2097269 2250729
2895747 3186996
3718078 4404362
2194784 2391417
2088780 2246834
2146525 2297685
2120731 2320310
1703306 1856344
2188698 2373208
3253694 3410507
4492659 4575099
2243231 2350351
2141204 2219279
2292525 2589263
5532329 5590811
1631781 1719249
1996448 2148362
5301334 5520191
3957067 4539359
4703463 5389889
3386784 3695546
3806425 4186611
2159768 2313591
2055278 2206347
1715951 1843632
11187928 11389252
2333176 2500718
1815005 1955730
1849833 2019877
4453836 4533589
2008600 2109386
1457212 1600472
1911974 2052603
2368003 2551116
2053823 2235908
1677517 1814626
1949324 2131241
1629964 1764141
2035267 2190216
1958127 2106094
2075476 2225766
2205971 2371620
2215008 2366702
3905336 4154615
3283400 3923877
2622686 2888466
1788206 1931125
3283369 3914600
2192204 2342242
2313078 2463976
5268956 5445884
1964462 2103808
3460325 3614091
2099669 2248801
1884640 2029797
1606454 1733762
1968893 2126258
1587109 1751600
1886991 2036308
1994404 2142982
1702594 1830214
1865293 2013815
1825196 1996029
1839906 1989205
3160207 3310723
4544844 4673309
1702054 1836182
1890556 2024265
1571541 1716754
1795808 1926180
1631839 1787360
1598027 1733927
2174767 2326700
2041254 2264733
2597156 2836505
3272333 3762090
2136172 2313355
2109079 2264207
1610252 1749093
2189464 2338826
1980114 2197884
1500521 1625299
1838706 2026675
1814934 1953102
1807835 1959911
1588492 1748675
1832246 2014127
2216124 2513912
2938858 3107460
3373893 3941221
1761327 1908852
1578994 1720240
1572467 1698104
2810750 3048297
3531445 4124447
1549788 1704127
1455541 1587953
1657090 1819126
3113626 3255209
1926288 2083312
1934754 2080237
1441493 2196222
1778959 1913485
1662308 1866690
1345665 1515897
1428147 1547570
1560571 1706243
2070057 2217368
1710682 1839788
1470972 1591191
1615029 1770070
1434692 1574079
2308368 2485899
1641557 1772703
1925360 2204988
3638746 3755856
2540817 2685280
2060218 2205469
1530862 1649822
1312069 1429779
1692907 1844256
1890417 2016548
2085599 2236639
1551575 1701854
1456917 1599491
10095155 10245961
1791559 1927492
2084441 2273709
1987045 2117349
2192387 2438034
2992902 3544303
2096060 2253963
2269104 2452281
1520370 1675527
1600841 1725587
1719251 1879754
1629043 1749100
2036167 2213047
1789242 1912729
1407166 1529245
1424689 1543746
1535100 1660243
2238645 2385097
2102295 2250142
1753157 1919477
2264296 2404103
3084034 3357295
2116741 2332943
1785278 1925872
1514892 1631747
1581200 1725617
2045683 2215591
2285396 2429790
1868516 2041143
1396025 1512825
1388917 1508443
1500738 1631861
1984762 2159541
1361286 1503077
1573546 1721269
1727854 1848630
1924411 2079777
1982445 2130560
1615123 1768240
1863857 2084032
1624150 1742999
1484383 1600031
1902343 2051299
1611843 1731347
1430885 1569945
1368270 1483732
1555960 1676654
1998991 2148304
1475097 1624870
3772853 3916440
1586619 1734537
1769842 1895111
1930421 2074277
1552371 1711055
3588964 3740042
1625023 1746611
1520852 1640060
2034203 2211152
2674902 2940213
3303666 3842502
1379851 1498251
1453045 1571315
2168771 2346192
1567107 1689491
1558943 1684608
1575699 1696274
1507721 1628273
2019747 2195875
1858198 2025440
1600666 1731092
1424036 1540589
1653040 1778492
2017724 2187332
1574608 1699772
1516276 1636435
2083577 2314199
1488724 1611195
2023878 2171546
2122820 2302399
1593898 1759986
1797118 1959143
2010625 2184746
1958354 2147925
1622353 1769754
1628773 1758965
1667558 1827773
1933730 2076762
2338843 2520644
2001304 2171589
2622695 2854946
3440627 3762672
1756185 1886661
2084107 2267445
2123923 2269172
1834910 2005707
3014463 3157127
2249471 2424729
2449938 2626743
2101591 2267400
2098109 2276709
2152490 2325259
2131133 2310269
9375750 9487285
10635454 10690415
11762947 11843860
13004894 13061249
14705867 14772392
13521208 13610089
4911160 162338943
21280524 21409731
2805617 3061132
2029490 2177915
1919796 2061915
1681932 1809442
1614508 1748036
2157841 2306208
1449297 1600296
4259676 4434578
1737958 1867329
1698731 1857640
2023743 2175645
1944283 2091596
1632510 1764215
1647693 1781757
1785412 1977690
2025454 2172273
1965974 2150593
2273684 2425536
1681809 1848824
2375047 2548732
2143929 2319837
1999738 2148946
1966745 2139372
1862629 2026080
2007797 2200809
2253032 2429850
2106023 2284164
1964160 2113840
1683737 1855719
1686257 1822338
2238451 2390227
2179617 2362957
2336029 2490868
1505036 1652144
4578581 4701916
1620063 1774901
