31397550 31697519
225240782 227170223
1499672 1570360
863438 918173
1027748 1150998
544181 603350
765179 923945
1735084 1921777
2755963 2894885
777218 1192058
514376 641912
932650 1007057
1213146 1312400
2237461 7046451
917728 1014029
753727 809325
1863259 2133502
711801 803890
958793 1254302
520264 579316
584753 651336
1142581 1237532
1981065 2041207
708887 832075
907437 1001253
765202 907422
1191641 1297488
617397 686922
553716 630189
1392109 1480867
2207527 2347480
610506 678794
504697 613369
1248287 1363541
757860 852318
1151830 1347452
822939 4453718
612525 643660
687511 720301
869943 1032346
586070 620303
691184 763124
669118 713073
536252 569562
759781 811808
567433 598664
594122 626018
900140 1017718
549966 580958
717987 801637
512488 543877
1042998 1297565
628171 771395
472086 519713
502466 532831
899564 994016
735794 802735
1911122 1942716
515928 590666
749626 782511
537090 582932
632933 706594
527040 634931
722011 763851
744058 776224
467804 497072
626429 654908
826899 1012163
464698 506675
689572 789238
548193 578308
630944 667468
754136 814444
2233111 2266019
487341 519986
824583 855770
600620 638961
987137 1068594
3836590 3866757
664881 737211
849385 978569
539350 612053
721843 764952
534852 565758
825421 858730
1785684 1841452
2159333 2206214
620057 662982
517799 546854
554203 585511
660449 688958
1158961 1250781
749138 816531
520186 550275
527457 598705
514810 582140
538469 577936
621688 702631
1388590 1422604
598968 633239
676932 722986
739564 839537
467964 554622
523141 553714
548369 580162
590047 624235
531466 567065
5684385 5971325
759074 789368
724173 756593
656528 687555
935246 968173
468500 547648
701697 731908
517945 547769
817611 932971
770317 875173
737875 801227
546726 580245
521281 593590
899870 936652
582605 701330
456876 528654
555408 626277
545910 603736
622049 663708
1085630 1189607
1374210 1407758
613082 641946
543687 633542
660049 713082
428612 470373
716086 829389
514395 550258
605312 635287
675255 707424
469701 502475
614652 687617
489866 521331
590017 620763
477228 511346
436397 468594
454046 486372
543319 573450
533002 566095
521062 600135
1850221 1880758
497122 528942
757625 822606
526369 596580
1035533 1352366
491513 600980
505942 538486
706107 741696
557538 587113
887145 928887
501631 538146
433691 466135
593666 623627
500301 572843
667830 711829
592052 691567
3016062 4079024
657780 717296
445976 478746
545381 614510
716138 811811
563941 596167
450680 530696
700137 775516
499289 555114
629925 670171
725637 807587
447903 479723
546248 605525
7802376 7839031
952570 1023913
654896 707677
452199 482758
425571 457725
714290 931416
546120 576583
521203 552746
1892238 1931558
723916 847593
737417 859065
479266 629533
460675 491768
571899 668980
446804 476051
831339 891391
880018 964092
543151 585489
890424 976142
495349 524827
503718 533413
765417 873358
599047 667337
516815 548097
421161 477467
720972 752736
1888112 1920952
484671 557438
630257 664550
619509 649403
543854 576364
442990 473589
1200201 1279793
675741 739559
423814 453578
438877 500362
1047501 1090930
1673755 2749263
1118921 1157275
1682342 1712728
685974 726035
1003410 1063654
497976 545120
442932 472654
409061 437562
590547 620107
727650 790006
987372 1216759
489744 544530
658996 730050
612559 644552
1206543 1522120
644915 674559
462709 533912
557351 591784
643675 672761
781922 827844
613830 643431
557630 695777
444501 495218
434630 492930
814711 891147
472598 504109
513062 543231
433179 463134
488609 517748
553795 631324
1141409 1216498
1374674 1424078
855818 967906
1777232 1805732
1063211 1151582
748986 781391
942907 974699
1511676 1539750
605247 645457
687567 732236
484034 564862
915757 947230
1512768 1572614
644757 778276
974064 1290011
568071 598250
493390 521559
604851 631558
474002 499320
724911 914356
618655 644955
457037 486448
459260 486645
488916 514857
553749 625899
579957 613368
424335 452805
645980 711695
425017 453978
727924 792967
663482 739036
847170 876881
559727 621325
695669 748025
726918 822422
889806 915559
1312172 1363176
439996 487543
447767 498262
729342 766437
429556 470506
726694 805937
567535 596672
410899 437583
748032 833147
498682 525182
620712 691805
1077497 1140093
1562500 1597268
612711 695825
438012 490051
513152 568079
1568132 2158412
520892 613384
719826 753884
1765342 1793887
547712 574270
447993 480432
468740 494568
1002811 1052042
1034910 1097486
1164705 1230891
657085 722029
449365 476266
634286 706282
547165 574170
381300 407006
634221 701356
451622 501872
529700 597371
805935 933208
798752 872434
624426 655620
461549 544590
447430 502449
566305 621831
578966 648604
504358 560876
484803 538208
626802 660214
605685 636145
540259 570146
443705 469785
455565 519255
1810833 1954251
868321 909828
504115 531528
519100 545428
463070 528323
568623 607954
527593 589846
1779284 1806968
670063 708999
1920052 1948820
623178 710424
481734 509363
390615 416787
462545 518518
1825495 1855364
595005 670378
675275 715481
568881 596667
691627 733167
437828 465821
487926 556164
472134 502497
481518 511437
529401 559601
444293 502788
1658387 2140178
557634 582796
588861 638965
464716 494923
605312 633122
859725 921224
646874 674866
495429 586736
417366 467294
658055 689248
655934 682837
412361 437297
418463 445147
462964 487931
535403 563167
566518 633690
588630 618365
464134 531062
448140 474591
716740 743645
577113 606200
5114269 5176015
1891580 2459607
471492 521418
740388 768046
457602 483473
477595 503969
527681 587426
489780 550068
809729 877422
677096 761709
856611 950707
759700 798220
571270 655491
624386 677681
548925 575920
525705 550928
498928 554776
574343 599269
725678 757269
663254 739626
498741 526904
523854 587251
524824 549160
1961253 2003644
608684 684541
533108 594935
729620 755972
937052 1059376
497589 521371
657445 686060
431520 498841
429524 475939
1046878 1129465
794784 825552
700193 725676
644896 714493
470746 509765
511403 537279
412108 442408
473641 499307
475349 500668
594099 619043
457934 494184
768932 813963
634778 661868
416794 480691
479665 543281
372760 396614
692956 762844
688031 752900
491968 540590
437735 495967
624924 670880
565597 601428
391303 415420
561386 590648
1653858 1679262
401765 438009
811143 876847
483464 507628
453367 477571
382987 411425
415696 439914
840565 883510
973602 1125873
514794 540703
384433 435442
691636 735627
642016 682064
520383 549028
743954 770281
1391073 1421248
647592 675219
657112 733043
1684664 1735653
459614 515859
615645 665223
410595 471963
1059806 1173900
432627 492288
473876 526333
1827568 1854240
654954 713432
564237 594596
446465 510115
437597 463095
381444 407034
697834 734630
671894 806682
546450 571395
959511 1148131
437889 494627
510387 538311
591485 682816
426416 475793
421150 445998
482347 507597
467344 517915
1666830 2199807
883395 985041
504273 528818
444909 491301
739060 764758
475946 531036
584092 646716
542880 569312
642499 669026
759850 828376
477323 507633
503231 591486
513115 539124
454472 479472
502713 571081
758471 834169
449004 474553
1362495 1388471
426886 451631
881253 924148
656025 686459
749592 786171
738539 775294
413017 477428
681745 720518
841188 877641
476956 505528
1733974 1759230
624242 687859
723636 768779
1401379 1433472
559095 626375
928507 1021273
495557 550239
806370 837518
552043 577690
506801 532273
509242 628061
5654626 5791569
718894 771739
435624 500412
834100 875293
909060 1057996
781396 859108
595868 648027
369971 395743
445577 494853
750145 793055
850469 903317
544655 630932
1493428 1542080
1618253 2136845
1040355 1118509
1870572 1907466
968478 1102629
468418 493177
525914 548578
618689 680775
776564 820051
479651 504295
504636 530435
1070265 1148178
408898 466198
1202699 1421475
1100066 1262288
390676 414513
3196021 3255288
517856 542213
753367 794501
970069 1051064
802332 829781
453981 479705
505866 531891
929292 1067080
908571 989071
447249 473262
799562 887925
835683 889954
1370944 1394927
728351 772923
867084 893237
1380776 1444911
506456 606512
368932 396156
827960 867222
385792 427556
441722 467033
652321 684106
365470 390510
1842469 1883936
471229 496313
534301 561300
450934 476076
757692 839129
674824 744702
567772 594779
434258 488014
594048 664840
531242 559795
2951932 2977792
530843 557902
469059 554584
365266 397253
459715 486190
427282 486085
864852 919843
475263 537289
366405 392953
732075 763585
536875 563298
413742 440661
534396 648057
614859 645574
1660942 1687615
499630 579296
533185 568794
561242 587129
384005 410591
508233 538565
466725 495146
867940 971769
478574 505480
900419 947487
417887 444140
406749 432864
549106 573861
445815 471805
449611 475650
816097 857013
511868 579663
425421 487955
471140 497302
396171 451914
1814185 2357847
398930 449882
478879 533384
600983 630891
499013 525799
745197 790834
416310 484501
454392 485054
710900 738740
2767287 2795528
516628 548388
489693 517460
411465 474356
552110 579070
650611 678994
410802 439014
753136 819268
453725 480175
379013 404873
455300 481215
747151 787186
486082 513536
429966 496453
398802 3227794
472983 526985
980578 1152286
1815524 1840989
979558 1007301
1441922 1465057
399763 425062
570653 646828
495619 589988
3473241 3499757
1839363 1943286
1920286 1948331
1078673 1199894
549437 608666
356715 378125
642995 667479
372633 395120
710132 735389
636068 658611
376532 433864
839720 895712
560599 604499
616219 652305
689971 752732
1863888 1912098
525648 546755
363889 424936
677940 705372
430401 453406
482926 542259
514986 609114
722693 805361
487479 522633
545802 597648
374576 396591
552661 593185
630022 650971
649794 677720
497243 525798
398104 459822
531166 552106
469839 512308
628980 671081
599200 660922
558316 598276
432103 486276
663767 731504
615809 667987
649685 670966
382434 423660
479604 517692
805737 853071
625287 691514
434073 457319
647919 672003
427805 468641
1787111 1808742
554134 1314597
395735 436301
1691223 1728654
625204 672019
462325 501755
659483 695208
346124 367356
361145 383410
479663 500267
406084 453093
576515 608534
685726 706379
461137 481889
421168 469155
586088 606872
600779 662154
715988 739530
366210 389639
428713 449875
406502 427124
812222 850342
2212294 2260002
379506 400179
548132 590843
382495 404325
698259 735057
663478 692909
395582 452621
513957 555394
417880 455094
497706 540578
1458174 1481309
786662 832965
475311 521657
362499 404727
578302 617029
458695 516445
515558 554962
944165 965328
434358 468880
512523 541935
553532 576220
657356 714132
411296 448394
619886 679468
602914 638580
359800 383882
380002 402417
361463 380497
753890 816969
623770 654003
503470 533729
426201 484235
476621 497416
903247 1031201
655918 725165
535551 555701
448757 470187
997652 1047611
1735254 1758824
846900 909810
1268941 1309110
463166 483845
701445 748223
428832 449548
419808 474292
346355 367024
452172 472397
612563 634922
389522 434598
599085 628605
585373 606180
449476 470528
577815 632479
738872 802226
574716 599917
565328 586074
491214 514547
396425 419425
582723 605238
736990 769025
846679 906772
1311807 1358439
435338 477495
757589 778651
578016 636528
399809 422081
633784 655197
386231 408655
453539 479533
557962 585826
446548 509476
427037 466922
639063 688645
533564 575233
714849 775433
387095 409097
451144 473498
466653 489964
659513 733867
454928 3891619
876691 898632
1370741 1390323
1557561 1691606
500146 521656
699751 736853
410553 431632
472462 496452
395645 419372
648386 670392
490583 523877
472690 535676
415809 438380
368103 389136
526585 569963
573930 631299
526910 567378
361993 384595
418318 440172
407387 430084
680860 709121
580987 640908
479722 520403
837514 862778
549273 593385
1920639 1956549
764567 801693
628853 675639
419634 439791
650351 671702
475153 498439
504788 585092
616442 637645
569810 602369
377505 403396
695122 825918
645427 674919
544634 565546
936467 1065670
439054 460204
459749 481719
551176 573948
495390 516827
433629 483780
357257 388860
527682 572032
794850 818151
425072 472622
1734821 1757402
487583 508971
669183 723703
577691 605851
398058 439593
658230 681558
423853 465297
678356 709360
730362 767969
558198 580645
442437 465521
415627 437537
506111 528768
524054 575960
372485 410971
469713 492432
682307 704631
864532 892856
739016 787165
598374 621715
404909 427185
527119 551292
410092 469348
453596 502507
525218 547843
550166 573293
560052 582493
558420 5499262
508117 530473
521275 542839
375671 404008
543398 603997
440247 487021
1777486 1798084
594856 654845
385780 406833
571482 598207
624307 665814
482594 503880
494872 517255
760699 816598
445690 467204
791593 840662
1530588 2034906
422976 462320
354690 377142
459112 480266
788609 815905
522182 544110
357039 378038
440253 460784
512418 533097
788040 828121
414609 435805
451908 552908
615519 636639
429863 473220
600612 642036
899222 943243
1073645 1139689
495113 518288
686584 709359
658986 692066
411090 432723
531236 552916
394354 419559
726683 749823
532848 557577
744961 767085
1860485 1884600
536434 628093
766842 851693
673315 709598
461474 485606
432644 456479
379588 401682
500583 524997
657889 691737
754248 845994
1590083 2095697
623935 664312
489568 524890
843445 873188
716619 738959
413817 478606
482817 525124
449279 472373
789763 861892
903887 951996
861218 898160
406516 448602
428400 468804
651641 723384
1034100 1056046
501268 548511
473703 518900
384867 407226
685210 719697
510678 533784
398683 437489
915211 975637
1245891 1265388
718319 748581
547609 597732
878829 1003191
507480 528961
397219 418366
690468 753253
2698246 2719647
461153 482205
615147 638117
659257 682073
732982 806617
446992 471717
750251 771577
415811 435821
473496 494364
747262 825076
371148 394414
400526 445893
514794 553196
432275 456072
581523 609900
387578 434040
1709732 1732783
517586 539761
447623 470515
704006 766031
392784 422732
479171 500070
410096 450260
671563 692455
762458 792797
409037 442337
487375 532833
511642 535166
506953 549705
422443 444718
686680 749998
368345 389770
357582 380452
420146 459831
481748 537635
567999 591418
442427 496000
896893 1017262
379497 418968
717851 752499
414555 435256
355996 379359
437303 458813
406542 456075
603535 638886
534848 558927
625345 687697
1680765 1702237
534456 573165
675800 739889
942446 1115549
440518 495666
354333 375668
353484 374464
815347 887771
473670 513325
413207 450135
392519 432863
613063 651377
757775 792827
1908141 1930104
564210 584766
587757 608475
1904493 1937796
819170 853983
429097 450036
654196 706821
441783 462706
409711 446198
676473 709856
459769 522340
418016 442718
425492 466244
588943 610742
599668 657259
405742 460310
465679 502297
388033 410052
346938 374764
482539 536261
1658123 1677375
373731 395824
757617 793530
390056 411576
897060 935083
2319429 2375553
743301 775186
591030 611777
455971 476755
759888 796168
632409 654392
350227 371650
395302 415305
381679 408921
656520 688203
449582 497746
905804 944639
1782547 1804323
387249 432392
1174145 1314089
629173 649722
419263 460306
901152 980066
720276 742192
366363 388063
762997 866961
462533 502397
705239 766966
357977 379230
429833 451160
711121 748757
523055 543615
665958 721805
1041902 1083136
441281 487503
466828 490083
357411 378709
783758 819850
705286 753524
447377 494327
2739225 2757824
1738850 1764230
821099 876473
537194 569524
856440 891170
1684660 1708426
2544632 2591917
685980 726900
546726 594872
358410 381797
406738 427744
811548 846248
405539 457430
726811 814020
391626 412696
676263 697000
699861 766124
714303 735300
399947 422032
451293 476602
673693 711143
590556 613461
615349 674218
571384 598025
411192 436324
680357 754254
483577 537420
902768 998108
433314 460924
546385 572213
670344 706989
446117 474820
889210 953874
561253 581978
630260 675699
623546 4845654
1022933 1157483
465594 487189
751378 827545
1694668 2204417
926045 962921
565813 619344
740269 803328
1038509 1169794
659592 720621
688917 726777
633170 691502
699278 736815
598270 655030
861881 902062
740626 781787
730952 795012
464880 494458
765059 837039
904211 945644
886748 929264
765465 802689
737511 770859
475227 505885
906756 978944
723556 760140
714176 751270
691057 732396
799495 840359
628177 686949
754057 816597
727102 786320
615442 652636
798754 861996
588427 622984
578669 645591
1120879 1195068
615736 656407
461546 488900
722638 789770
746068 786975
585450 623723
590972 651599
710648 825862
676635 714771
464975 489824
629329 689674
783233 838262
531291 555994
627009 659572
791903 826239
470215 500257
615538 691160
477485 503510
398063 454507
704351 740025
797975 832856
648452 683175
598590 659583
483269 528807
509802 536817
967401 1004770
523153 555517
719236 752055
457001 505190
710487 745316
1881860 1908709
775819 818517
435531 488096
407189 431848
716113 799941
667035 700093
631183 653826
565090 590054
538607 560805
903893 939586
654260 679442
622506 686103
768956 808314
747757 806976
458747 483504
651597 708840
714451 755672
571551 600322
491688 542564
426735 470988
557719 589765
725382 762423
564912 591100
518464 550688
580311 644864
577652 614344
810784 844688
699539 736288
636011 734940
607872 648961
688474 710147
736249 821174
851435 893016
479064 500566
547623 602671
707919 832950
976386 1039398
596154 629973
596046 635511
635941 664861
552145 577390
670614 735291
725340 787895
372463 394081
377525 402358
349217 372535
506709 557500
817672 899091
395654 417701
456104 501753
703019 725442
829272 908771
439967 465565
355991 378862
394533 415923
548315 616008
635227 661529
538869 576643
354151 377273
563980 584774
427567 473651
491406 521739
582738 605442
507850 529240
1098937 1157338
1640279 1661233
737428 766948
573163 594954
485465 532723
590523 637773
592936 639722
546713 574210
550070 578664
552200 575173
462075 508678
503090 550743
739075 798377
433198 454304
540291 583951
399889 423382
417233 437478
627098 649553
488181 511855
697250 721440
828439 902879
537415 572415
638378 671851
581685 640104
562785 589693
401179 444915
593438 641992
1124313 1274115
944407 1013484
555954 582326
486348 550025
461205 483872
1847100 1878151
1944576 1973678
654575 723551
526203 554316
469825 493772
694233 739787
1077313 1110767
1649427 1694726
682203 708643
484493 517131
897416 976004
634910 672338
759489 794478
459947 480913
676760 740974
550011 585969
534488 585355
885093 946053
1899737 1921341
695367 731029
887954 966646
489889 533733
380981 434624
484298 523787
598377 633005
441854 493617
811317 886518
507697 574697
678812 718465
751719 807285
959018 1078243
528893 558023
369757 392349
381852 436318
428281 478879
726739 759457
430557 457745
454384 510093
392858 413845
1746221 1767417
592052 639537
386192 406874
478197 521759
352803 374529
455599 499908
458088 497503
385314 419724
444408 485428
378292 419434
855595 896039
573041 624466
418818 454570
828697 868111
606130 661969
482695 519085
352065 373323
823745 913892
401829 448491
376524 397372
566009 586554
621250 666200
730420 752032
656554 693765
426859 452956
365565 404582
38877160 39060820
49326800 49887248
248460175 250512670
2161032 2990275
1030685 1120667
1082484 1309319
778112 844077
1886733 2098421
3000644 3069767
1047669 1132684
589872 690803
2689397 2756670
1030554 1139433
938861 1035827
1333448 1441132
763890 913044
614885 2344652
1048535 1161612
1061043 1268483
703972 954476
1542732 1645457
2571806 2791170
948540 1056115
1031984 1230571
847571 943440
1123658 1238285
825587 894101
950808 1027569
992725 1104124
1002971 1346123
785532 1024711
960590 1141801
894302 1006252
1049778 1164937
903128 1080352
1147205 1567692
1047728 1291622
608666 645577
1468541 1708540
984958 1102528
833622 887689
1050515 1109032
1167018 1310914
908402 1057818
1010413 1067436
2451497 2503494
3443779 3486369
1139460 1188470
900149 958127
882779 924910
1008746 1067351
995126 1043217
940545 996442
946844 1065394
818021 874444
1006828 1064337
557226 603438
879444 934817
1007077 1062192
1210279 1344153
1576371 1694726
2426420 2655290
1110050 1164662
1153590 1210244
845983 890479
901587 957701
1267868 1332035
923017 1044132
618627 661861
602059 645493
991846 1047977
725562 768254
995943 1052262
944426 1000097
834966 881802
1003658 1212715
785338 835579
913335 1043135
833507 889583
959792 1017516
974829 1034315
668565 763663
1051656 1180087
1049244 1196191
2222447 2272686
1463347 1513946
2397118 2504679
979361 1042111
1167336 1227125
950784 1009223
1013172 1072781
885712 923816
858995 910399
809797 854904
1936225 1993984
894395 954523
696073 738521
883144 999182
558989 645806
887908 949289
1010106 1068449
765704 811580
1068564 1178354
673874 713394
1573575 1957067
1458618 1513819
2349598 2407076
1328888 1555549
535951 574573
2052973 2105176
844688 902373
824227 868675
924751 980612
926537 1042442
939918 1104181
2022682 2189026
2212494 2248175
2552014 2638863
922402 1035719
1042135 1104147
1030672 1090212
1637950 1762676
2039501 2074284
980143 1075830
837161 896103
948840 1003965
1054079 1166104
507175 546213
693272 743900
858243 917102
1030051 1087431
582774 678573
797631 903628
925482 1039924
1041098 1156141
925427 1064170
552012 589909
996820 1139748
955322 1013480
1036482 1096814
831258 885270
657850 703314
736662 978780
955485 1016719
1006472 1063445
969844 1027169
1255420 1409679
670335 706578
1455245 1868223
848120 937858
970923 1118593
820224 871120
1088439 1144757
7881804 7936971
803323 910566
919638 1031292
876712 1007537
606969 704310
819268 915554
514775 552890
1062589 1121145
935313 999170
567959 602939
876287 929193
1195265 1308246
907933 964933
1272764 1994907
569650 607915
1108864 1167228
886565 995335
844991 903673
882980 987418
545415 580219
708515 805173
755627 809168
978991 1036496
879713 999066
670642 716537
848890 950616
1543890 1602210
1971952 2021020
1206736 1305357
980699 1033845
574176 652062
837921 942589
820569 931925
1003728 1057778
1384869 1493154
822467 888954
609415 661261
666677 718865
1494236 1598954
835364 877185
511332 584867
825296 872552
871409 976454
1046143 1106945
666417 715440
1033079 1134529
673728 712463
871896 932261
1005992 1067140
840973 884073
736537 782849
845438 887820
710624 814075
901433 959641
899965 951799
723688 776908
684001 732897
991163 1048008
926023 1030891
657011 740447
492964 582198
526434 559203
872012 930637
1051905 1110026
625396 808205
682260 772063
506148 545121
1370220 1565129
898204 998402
698693 741815
853326 957757
563131 630393
798005 855367
975849 1095258
689274 729961
590838 3511044
1936155 1980164
3103682 3156684
1005174 1152753
692272 728312
1139988 1227086
694343 734985
791534 902363
845246 978172
772426 894359
694881 768526
2969953 3013506
838835 890082
2165574 2222060
678373 712487
700396 784957
616898 660369
895444 945066
3255159 3305186
4568480 4610304
505215 585103
998075 1053677
901777 1060267
693966 784875
677895 718134
600337 638461
1342516 1632806
1243064 1357756
935491 1393810
533272 569392
864760 909956
546467 630702
846226 1032267
781674 823835
959535 1111501
710192 889204
802829 834933
642199 682995
770984 861191
803190 888754
568063 634940
2100974 2152586
782566 828274
621891 675810
705981 742583
517125 596214
842203 898511
696153 741785
832552 934350
618748 690843
538837 572065
719869 877530
958948 1063047
3008880 3048068
1981992 2016438
677772 784636
593548 660631
619735 661589
784460 880612
454179 487530
565401 628475
1957263 1996789
946447 1003763
816148 869249
946840 1031668
737899 774707
508644 542540
816176 871021
812434 866447
1001604 1122502
652710 698943
562385 597566
1528780 5343798
3318145 3371916
738228 770511
1906147 1938377
508523 541657
871404 1107003
951677 1001463
687643 815405
633899 747047
632093 669556
860580 903248
746712 794825
598982 711771
672755 757544
532181 593224
839271 895524
1019519 1124977
832218 921728
918090 987177
657323 692577
703911 792724
771813 868727
589240 628242
849495 890009
829095 909378
867386 919615
787215 833808
637395 682822
485456 564043
513433 591247
805500 897636
857950 903755
724550 766518
930553 1030409
559599 597847
894326 943482
1109453 1156426
1726657 1760052
532727 567138
671257 756091
706498 794656
536842 579747
705960 746411
791808 883981
618425 660005
669584 718228
1684207 1739183
761094 797005
562681 597004
940984 982920
523634 558126
739264 783036
612750 700449
936460 1013658
937425 986045
661353 700584
968828 1134006
645305 679680
584232 623309
977666 1065728
807847 892687
792710 824288
673455 705382
644599 685090
714745 793422
1048535 1151745
861413 905123
3774926 3860139
744915 787630
1039806 1088633
746653 844793
531562 567333
1090093 1176329
885067 937019
747101 793085
784770 837533
595531 638663
948312 1035757
716093 762255
967408 1145627
908150 1000453
761405 915590
574174 613200
2178028 2248168
819214 881122
935678 1033604
827523 953178
502256 562974
719475 764037
750516 798265
710462 760577
563061 596630
679085 714674
571659 608085
810042 910700
2764196 2872570
3984983 4060424
779081 858203
757177 830558
807169 907892
2267290 2899501
785227 861464
856093 891859
704659 754720
789692 831275
844561 893291
693181 736968
613338 688057
912771 991130
845908 934731
1203117 1253793
1207356 1277510
1853033 1905634
635607 668354
1078614 1196888
788660 831397
3004477 3049999
590136 621088
756078 829201
1118878 1169254
509230 544770
1365158 1455094
2009911 2062196
913490 958371
893721 945224
693367 781272
1792894 1823244
483567 513752
589240 620679
792502 882330
1141185 1190565
827023 857232
477127 507267
565830 634342
2371179 2419014
753410 841773
2086504 2145658
834266 863657
813568 858393
667984 708813
696667 739713
2025762 2053559
564478 631798
503796 564431
883778 994473
601630 637187
669371 707219
581884 659834
487879 548280
1002656 1053217
713871 762388
627089 699182
475671 503878
617996 661256
822277 875676
717009 759538
704308 740634
831603 923432
831436 876618
764267 807836
2894418 2927410
503405 534306
766212 801973
522459 594271
808075 854269
814217 856324
710913 785590
741691 799523
827696 868083
858608 909336
831606 876317
733069 772222
592170 667682
1992357 2026115
836843 881650
749357 851276
632818 670844
558350 588359
630438 663446
798264 839241
622294 700817
703489 741610
470413 506841
635648 666165
669552 765516
582050 620796
832742 879490
571927 602506
882122 932750
524568 553817
754954 795377
938319 1111857
577756 606408
827010 873331
743616 780377
1598441 1687189
535549 568998
613071 641228
899008 995315
486207 517460
880777 999466
1050468 1113359
525732 554176
796197 888526
634813 693149
649611 685650
899634 948083
4940479 5175338
866509 927524
863769 903355
919360 1009958
1866966 1895590
1170217 1225207
982067 1034183
1284515 1352995
1841481 1869037
549777 585227
915039 978692
806074 897843
2037338 2066828
800903 870940
630853 698923
818206 901642
757721 804128
811371 857902
2139495 2217424
3169771 3198073
506857 569812
801013 865178
834464 924081
2116284 2165356
981361 1051269
1253768 1293239
1173694 1236677
1163116 1212256
2822949 2853894
942616 1065161
903657 984213
847283 913995
839707 958736
904043 973059
425234 454925
2476314 2507145
987638 1039730
1037410 1092283
3041696 3085917
1285462 1433756
456549 488252
678273 711676
923142 970110
1602916 1631730
2931794 2965287
1033398 1090034
799714 896502
784775 849264
547015 586057
1051684 1139866
779702 833536
1981624 2030334
896767 993182
622821 664295
664446 743330
731177 766539
971641 1033160
633826 727368
513908 581362
823224 861673
1076786 1166917
1023755 1077382
710843 758768
684528 771379
528037 565162
552682 590870
564722 604212
701874 788585
790708 833476
593871 673881
534108 571906
587255 626748
1068844 1201740
932613 1047896
755218 837506
575461 640506
623952 662720
1033889 1137838
816745 908525
749478 787886
779408 875582
518880 569025
671483 741336
749945 823934
565255 596464
923072 1014997
751883 846406
686727 770961
526161 589105
537640 585105
641046 674448
823774 874767
525109 561612
537078 610599
803754 839478
587352 688608
868672 965552
623096 703964
713672 798331
610976 696370
672034 711114
962853 1016656
593233 630254
780500 867451
597977 630418
741634 793547
857887 955666
657908 706136
793923 890574
730166 795168
1119336 1279325
790368 842692
681275 723922
798107 845139
789602 825939
827654 881319
689163 740206
837417 871192
711829 743638
604486 674642
634705 704673
1113189 1165260
717656 748504
511072 585499
783633 821513
2038068 2083150
938146 1040629
8251913 8377896
694808 745424
548179 613049
552247 616408
800814 928327
779674 810503
1396902 1419807
491949 564162
611882 659769
1353516 1397334
1729331 1754146
3052725 3079119
421802 446888
474512 544218
917973 1002160
465596 491660
1392625 1426133
734214 760946
746856 867179
901373 944199
566215 603349
810799 842234
617686 645397
497483 524060
888811 1051993
665380 699582
449786 474530
581675 615490
606526 684103
840768 895049
1103895 1208328
467103 495492
664136 747808
754124 807695
730986 797258
2495391 2522926
804986 846013
630425 660351
738005 848833
1167488 1209719
596252 661193
572680 599938
471482 531287
586878 613802
952958 1038134
476690 505385
562074 590303
499539 527125
744586 835109
868081 955226
986922 1085614
613016 643420
538479 600002
640228 671318
847991 889891
542592 572196
543078 1812679
532889 555684
571175 645271
742420 784249
614873 647563
1859459 1887116
589694 619562
506058 537517
784630 932838
756160 788499
580718 684136
590697 617511
562787 641900
874915 925007
548481 605722
1882138 1908556
736040 763739
1865294 1897665
1477055 1588198
1075981 1100589
601289 627665
526928 564706
600797 624408
830432 875312
432666 457677
503320 531927
515606 571072
552911 579055
776001 822543
539636 563126
490986 521692
547312 576802
681238 744039
765807 838788
576049 697877
626879 706152
568676 622278
495869 520603
855387 905393
471020 495856
662111 685294
534156 590552
643585 669146
840496 919464
520989 572495
503736 530084
490634 516888
870376 918276
922811 968152
414765 439553
556538 592245
986832 1078756
1832410 1864412
848397 915603
631228 655184
416839 444833
500898 531820
932665 1412027
681680 723941
976878 1041835
489768 516659
474794 501775
753141 816200
690867 724670
1202273 1282834
483548 514768
579532 607611
934027 1057204
818358 860534
523826 550767
585800 609679
587581 612459
696580 740522
818002 926995
625329 652748
543355 568572
568165 597911
597591 626960
541914 573815
699069 726232
875512 907305
589462 619970
746865 782114
875552 953638
1071134 1104855
1648668 1674443
740958 771216
692422 763073
718963 763395
637177 693910
633092 694345
589762 613540
833765 878239
856895 938031
439852 487918
2917957 2961557
819674 845658
788837 830783
863593 908532
524380 552863
630709 658874
621447 652713
793932 836569
616724 644093
623423 692130
579971 610913
500991 527592
807525 849517
696951 738161
2056811 2085070
908198 933052
526888 554307
820120 860919
2979673 3022725
839450 938385
734841 815401
2165069 2210288
710638 748567
837440 895044
787235 855162
534624 584130
492117 571674
883152 928442
585366 624078
741179 776514
486271 517181
548198 574538
652617 689445
1368532 1545174
596904 649659
892704 926898
823464 955650
1843302 2377063
800469 881099
558453 586620
855880 896419
591082 697941
556174 610719
1039007 1201194
406329 430314
1071017 1229536
614252 660813
453250 500542
765697 825347
666224 704962
1289757 1324545
624806 681542
581717 609211
948789 989230
533729 558706
549132 579959
414145 440973
849532 929118
887357 929004
426101 455344
609405 670318
550404 583548
1131908 1213222
799202 873956
700791 740028
581484 621728
787746 867120
815333 925817
805439 879382
587412 622882
745613 812780
557621 593410
870090 910421
891921 964262
901113 956108
1782914 1812718
436211 462041
2004745 2047823
752581 787858
802165 830243
439936 466912
597327 627357
835130 883914
1136842 1182784
507378 532529
643426 705460
636778 660676
611808 637030
912248 988344
604087 635797
514370 540813
637461 665031
568659 597036
638930 686126
1015587 1126503
684738 742497
485361 513647
679666 713851
1048567 1123539
703262 750001
567539 599986
579485 658605
621577 652057
806406 878994
617256 657473
545188 609640
779420 815005
795782 831039
755655 798591
569998 595391
524252 555664
496368 524362
663684 700109
715332 754581
1923178 1951575
845861 912453
456078 480566
774073 839946
3430146 3478441
625150 658912
648855 716537
928233 998739
716673 759262
697841 737902
675759 744456
829280 858622
1778718 1804809
866710 951931
733918 779021
633333 665633
539543 566542
515884 541067
591185 653571
729133 769397
474274 528060
564371 660564
436831 461282
686148 719174
781562 852465
654653 707794
473951 520177
552068 576787
745039 820375
909867 952143
2090745 2116558
565801 629266
659458 692099
578874 609150
811072 913646
783793 851410
860536 905754
660311 697751
614403 652182
956326 1002999
554927 633834
697926 744739
458780 506347
512351 537779
986913 1079306
501648 528163
424646 450448
478896 526880
408603 435059
688877 733182
485701 509290
699444 758901
1755852 1781841
1999209 2042529
1028824 1072236
619939 648527
532119 602103
785922 815939
647053 676190
2209798 2252121
663213 752449
574898 624635
554786 592991
649763 682060
803689 851361
545095 605665
525715 552751
777984 854676
767952 798438
836564 880827
673519 745916
607956 708077
630711 656721
737624 767527
845778 890843
564905 601011
671103 727080
596887 671408
517365 543643
777434 850705
697161 723952
590421 636693
724214 753287
536932 566104
846973 926886
944172 1010184
427747 470776
534744 593082
559856 588399
714272 755284
781627 816017
1933897 1958368
544081 573637
905603 1007641
744227 790350
489960 523480
2003646 2098344
607794 635591
424651 449459
854159 899066
512047 567577
499459 526585
1054793 1130492
529521 563003
781568 869124
1820689 1854638
695846 727044
586403 613244
609411 638950
898625 950838
677651 706561
455278 481393
411863 441629
437169 461900
821505 898686
1046788 1126325
731601 767948
560231 598409
1914154 1946339
876159 947791
2186622 2211733
577059 634236
931546 1006041
489213 513657
981369 1033923
2275029 2299683
779565 806202
489428 515195
775275 847874
815091 858838
472336 530780
619400 652021
718891 836854
704285 772886
847408 949468
576758 603978
853599 930125
557023 613978
494788 520875
836722 884834
594995 625214
448047 476613
1012694 1088312
587778 629093
955833 1006628
530323 610759
697465 723933
1333701 1499012
666000 731692
1113133 1201982
648622 673586
520702 569704
829416 870780
463937 489744
616243 678237
470634 502033
2121462 2170561
933624 1014087
574068 619954
724405 750390
790063 912594
2876300 2903625
994716 1077261
6182719 6230761
858923 905916
1006015 1078571
450998 505058
736088 778401
1100543 1134386
1719561 1773756
915384 958338
612577 668749
588605 614011
950041 992647
576829 604916
534452 597722
809715 853536
638076 703177
526021 553518
829830 919530
690665 724343
3975118 4006311
2337392 2384826
855420 933588
1144647 1219622
793530 853418
925243 951646
729106 769151
866090 917579
762159 806626
475458 503531
586457 615204
746791 787900
1044467 1105609
966233 1013356
1003860 1048777
768741 813374
703238 740852
980223 1054046
1034730 1081994
818152 868589
1279060 1353841
962974 1007494
1901045 1942888
862167 903632
2090116 2133960
524940 554280
993410 1070261
836500 878550
763818 807268
779119 828969
886356 926150
771012 811807
589625 652025
840744 890638
845162 924718
744827 820804
864604 911451
742090 779301
770977 815331
893113 937259
979054 1065041
775674 823123
833292 873764
863379 984052
831574 882831
754582 802928
1033189 1112796
459463 485948
738027 784251
950186 992488
818063 896809
660721 696138
821995 898733
620880 705580
1026518 1110902
856983 899532
994918 1109101
1380155 1547259
510443 543203
1129156 1178256
782788 819956
887139 964146
911661 962183
646785 689380
831321 936468
838581 919981
894268 942203
1925169 1958698
1045845 1137908
1028526 1113515
506773 540372
646841 680823
576700 607056
745001 780443
564539 597969
730923 800477
665551 743798
703385 737685
676766 721585
603330 639842
670607 707766
635158 696643
768900 826450
561830 598190
521980 558991
763117 803940
641498 699845
897784 941519
618818 645545
627893 661385
759718 827105
853084 883429
880981 927998
620763 685532
884340 958832
577575 612965
494679 529289
766895 816468
849587 879145
665888 733376
504499 536803
509627 587656
938567 1025625
619332 684675
763394 846685
812500 885200
551214 578717
925166 971105
492886 520219
893244 970519
427519 451413
768416 812613
913781 957133
762809 789131
624522 655494
707551 747485
701510 747352
915720 1040335
467277 516300
928840 1014836
604287 660431
1138189 1220674
886680 927134
526694 594278
873692 906826
602443 634574
850220 894855
759825 844727
669991 699089
607356 642566
679118 753778
900965 944815
644985 688036
652248 711692
847200 976048
573716 605560
844008 884773
687699 724688
685363 717453
751000 830483
432043 456486
971419 1008779
763094 807355
555131 582438
937309 982657
651371 678028
779816 821416
769003 809879
529193 590190
589941 617939
496916 570968
614990 654605
675613 749244
728505 756244
782129 855923
585446 621935
661763 704189
820657 862318
521293 547894
552639 586308
682582 710025
626811 713793
676270 745287
632582 670348
436011 463756
743783 783224
709974 745057
707672 776553
500924 571200
749726 785016
543389 600269
724299 764982
806836 847851
507324 531430
772641 807140
791163 834021
930371 1008936
619155 681372
457366 502409
577260 611731
758467 840405
831002 910683
549597 577065
563501 608390
757217 803825
762325 876494
719780 761977
876630 916289
569162 599437
558733 617356
2104908 2144646
503497 562872
1141216 1209871
494197 524446
935812 1016395
951599 1024631
551365 587450
767223 837538
869541 928317
616218 683328
842315 884959
854540 897236
1988600 2030427
1838672 1866535
808122 851563
730178 775288
700929 743878
855920 893680
494737 530259
619646 658483
850778 895089
2969641 3008462
611484 647360
652419 684540
621961 686281
561080 596587
629893 669655
544605 641302
525980 555009
691439 766103
441709 469818
659358 697347
739973 767060
542601 601712
1117706 1261125
512142 562390
630241 668970
820328 894868
1072833 1144852
617765 696246
497585 524183
757737 829997
873098 911231
679011 712777
682602 751084
536589 566416
737547 771319
1982021 2030806
499208 526743
581283 612074
645803 678740
