669597 709888
718766 781878
477810 505282
549149 571883
621654 644202
955076 1011474
585238 629974
461626 500748
550436 590489
673232 697145
433088 477001
478264 505127
538844 572609
610476 639596
668098 695599
374835 397120
594736 645064
447385 469474
445553 469662
409398 436877
409463 432002
630992 678720
490663 512602
539584 600617
490684 512955
640042 692641
602746 629406
539487 565306
602422 624700
579418 628872
461300 493926
448377 473136
867241 909751
657591 712446
397638 423077
702446 745754
476223 538125
672764 703593
464326 528483
466688 511537
447262 484120
649922 692404
865437 928581
446719 467735
497169 545831
455566 482596
1818545 1848986
651436 706483
668677 690942
731665 785013
592031 624747
1206181 1364392
518548 546146
436803 504035
405606 429992
814117 853561
622505 656841
601756 642358
426131 474544
565217 586724
899710 964783
543081 589529
786236 818651
701963 726702
780052 803309
373522 396504
565518 589711
798560 887595
476796 498577
364288 386770
359856 381350
497618 524869
516616 538747
478502 500135
372583 396212
902080 925914
774335 827556
627585 652828
559319 606367
401902 424720
745628 815984
4089393 4127150
543800 568754
8491572 8598191
1008822 1077447
1489826 1522207
555331 580365
1538666 1559464
500917 522750
599033 625255
528478 551505
566200 588994
770790 832353
681915 709901
459044 483509
512525 534841
488473 576835
751447 787014
485853 512160
683658 705526
695799 773830
699365 838104
548358 572838
568587 592606
484356 506429
636085 669065
419289 444510
713815 737114
536747 559113
375474 397630
718892 756042
711470 735130
433379 487506
636912 660648
440513 486196
837304 931585
476503 501718
391287 413117
391213 434768
487616 529849
1025781 1067609
457589 508824
424422 469467
445107 490124
460080 482719
610526 642272
408919 431500
350878 371387
874006 924511
1102293 1156392
1073119 1113719
1676399 1708845
588678 643284
494595 535619
558376 582318
863716 934087
375417 398417
565766 609151
549013 572444
483336 504854
586234 629424
347568 367419
372925 396320
447718 472631
483173 505200
829974 868834
1762365 1784242
597429 619400
1059302 1194326
611284 658110
588641 625523
678032 751219
577688 612157
563941 588269
488485 512332
415427 466821
488879 513171
370132 404913
547834 570214
434907 480333
717853 754619
1699221 2190070
462083 485026
1225602 1248696
531006 561754
597085 656850
416970 441428
465858 490020
458140 481213
492128 545438
749317 785521
371221 392143
566014 622805
385574 419558
463698 509345
508450 531185
505896 528072
426686 478118
488596 510613
523500 577644
468454 546292
556869 579807
522277 544644
1603384 1654034
800059 870068
402027 443785
467162 509258
628451 651429
404299 447285
652508 693064
855551 908148
579863 620715
412296 432200
382424 423504
586192 633904
426578 457972
366685 410483
425907 466209
385823 407457
721490 756825
389261 438959
557756 591597
470896 490886
635516 659112
578693 607503
612818 636161
390193 425153
430860 454792
464254 487491
622783 661456
544482 610512
1623705 2110851
706606 729145
485816 532957
646485 682042
435371 458527
799528 827178
431433 457852
604938 664405
635945 677565
2132840 2156291
442567 464425
3381591 3434912
632566 660513
1054260 1086765
1699534 1750348
993619 1122313
753324 815202
788722 823951
558136 585985
2833091 2855756
3562587 3583794
533007 556556
645018 726275
434126 475449
493130 539525
520703 569254
448694 471696
682437 740683
2704253 2728838
405435 429658
1799759 1822100
825390 902046
450984 491123
520759 554376
1989861 2031049
831028 881405
2957674 2994589
688815 752905
666290 704301
491289 559514
757036 837983
392535 438380
719776 789212
1198278 1349923
1248802 1325926
651165 677295
667318 706699
581839 605330
435207 456696
601697 702671
594322 615986
434519 478522
525430 625051
473289 495895
432404 452923
676905 746492
529722 550011
375231 396485
1794899 1821272
477456 501266
386021 407098
513623 534229
444018 499286
474626 525942
466073 510419
415592 439109
371779 416454
461907 503969
533513 621395
420297 461329
1662148 1686010
425303 448672
536621 582985
470883 517448
375737 398309
443838 489682
515270 548925
656996 710627
1878843 1900566
421175 443812
397473 444398
896624 975027
490898 546494
599787 621270
353356 375769
558092 581065
1683642 1706177
5397229 5421300
503832 524584
947988 1080039
2670893 2693365
522898 564970
543284 564653
399879 419899
477238 548334
686134 726504
360557 384011
474250 532117
540898 566829
618455 642586
472080 499364
462151 514864
558473 602957
529890 556424
590785 623862
607747 666076
495053 545494
936899 993637
552988 576335
437715 478755
457986 502558
365310 390001
687891 726436
602637 670561
533610 558100
596212 628414
849456 890625
508854 530660
402041 455317
554706 608370
363599 387030
785468 854015
420046 452659
450174 493967
823075 862938
1708067 1747493
806517 830924
1183009 1202354
795742 863816
449151 491565
550745 576363
363748 385383
605221 640547
656115 704070
679565 752032
464144 486365
533819 555800
781182 820185
789479 814740
492844 548417
450473 472722
584400 644936
1097615 1177796
550708 573563
908036 992425
913787 955275
848921 887688
507178 568146
873881 924470
532663 575728
648599 670656
920436 958407
394777 431412
585408 637522
807402 890182
893405 930612
502295 538261
614599 645117
699223 723439
793354 817455
782452 823090
500868 553776
477482 502724
741493 771619
610984 644234
391876 414846
380448 442973
455566 497409
516964 602751
701843 776584
1011193 1142781
737437 763204
431777 476126
707896 747108
433669 456927
423306 443497
502527 531869
445875 495336
548790 581737
717760 741543
515806 553842
496401 552505
397331 420983
532525 596330
418475 465336
410123 461941
565657 611591
626979 710154
479276 513579
1620550 2138134
483740 528097
907171 942360
955722 1017769
424976 446867
782326 809088
797774 872117
787739 897364
468335 510998
554916 612329
702974 745185
916120 980499
463575 507675
608630 643046
601610 672318
489496 514800
2699432 2723616
484378 510866
768446 850272
688890 711510
603096 641193
491391 533530
752299 813299
507561 533277
415047 439985
428780 451354
696546 731937
429603 454729
1685250 1707889
818517 897114
446177 468997
1414713 1445581
1696193 1717327
4296419 4319850
2276109 2299484
949902 1032755
930832 1066152
555841 602270
573570 596827
370492 392505
820822 853431
399213 424614
371043 412213
486140 538794
687051 774543
386493 428532
428333 470525
508266 532125
442735 485694
815843 853688
841649 939966
1240062 1286428
467617 493136
749052 807726
424648 447602
488019 509616
782743 851330
441233 477049
686884 731064
555233 580539
2638178 2661257
740290 764371
1204272 1401112
431841 479190
417461 442500
536447 562952
565781 608369
703512 746493
500421 523485
404334 425038
484857 507240
662158 694576
379270 430199
454941 508683
483013 504764
499706 565020
522360 553722
772695 797542
1613592 1637001
673751 733741
672415 761915
450439 472933
502651 527233
363225 385069
402139 452712
490896 531784
620047 640360
443264 464825
398095 420129
642695 679914
531629 553042
540639 562237
940100 962730
451346 509470
810591 853475
511690 598942
376587 400348
649968 688642
1212678 1280122
968392 1543480
452159 515779
432800 475988
754756 796619
697996 722172
530762 603977
508136 540875
441041 463197
660312 711945
415720 438717
411224 467178
755520 784619
940675 1118075
735148 775167
651710 706813
4105671 4126696
570177 613029
914609 956068
559016 583049
1376109 1399783
418056 471190
486986 551468
413888 451135
1815040 1876516
582827 662025
625377 668421
844801 883947
901500 940854
384230 410486
511600 532281
2029211 2060233
1175585 1244839
403266 457811
400290 424554
946838 1024464
395247 445377
860915 902439
776766 825358
403358 426717
421048 459735
1833946 1856468
552586 582649
655140 692053
1265122 1430171
437760 479649
459813 482033
821494 889349
847948 930152
740198 780068
461220 512188
600615 622113
552034 574698
800486 929236
371660 396046
531134 553417
564511 588307
483994 513835
806145 840417
372251 395659
367582 393004
466999 491293
656357 696877
478504 534492
455119 478083
594273 616893
482844 526139
511165 569629
714126 736730
956342 1012825
585459 608090
597692 629722
476522 498981
502211 572965
415419 440197
422645 447063
606385 673154
622227 644973
414928 490963
405465 428164
475059 497933
840309 924892
790271 873776
578288 602996
440094 482371
571881 598928
464828 532120
660221 686103
688840 711512
628180 2713290
523500 549726
509183 555613
544890 587039
503951 526751
659287 698435
814697 841248
1391483 1497833
502189 524159
565887 597436
599768 625364
733177 757337
447812 474744
454818 508026
555292 630264
1674574 2171708
404056 445079
429401 470057
570221 4274091
834206 857353
1255277 1302498
505415 527167
498489 522108
753029 812980
2631724 2653829
392907 414131
527004 570230
722778 753751
844048 893135
656998 681954
794657 874893
476104 504553
490912 515625
387541 409992
717606 740775
382203 403323
535517 570683
771121 795214
638700 703674
442253 482378
508283 554367
1723787 1746538
664229 686821
450760 499723
707961 733452
651142 717688
477484 519482
1792422 1828277
577511 599480
431237 488484
412208 450770
490835 513367
418167 440695
386360 408223
455479 502698
536337 559169
405959 429102
783715 810486
679993 703677
376442 399515
477495 542229
662083 708533
753755 793980
617206 658515
768177 858171
799551 835642
472408 495588
412368 434844
671181 785977
801563 826275
478234 500897
331631 353859
448860 472774
376423 399151
433931 457599
450072 518384
563964 586717
911772 970226
383145 407639
470663 494677
773563 805143
633813 655937
654945 677118
885382 917438
418783 459796
654995 718096
623424 669224
686264 708438
473338 497172
718372 758178
557549 581515
450865 499606
617778 640462
505531 549894
504520 532223
1748144 1769699
826792 905863
1740149 1762620
503701 526812
427786 470584
522588 546890
451664 474899
602494 631557
459062 511514
493943 516840
470899 520445
743892 766421
535073 560918
398574 448625
479028 499848
383278 406205
1020062 1053988
641088 730344
472059 493856
511922 534555
591468 674521
538323 579047
427091 451441
1680694 1716648
611405 634656
2015632 2064288
825736 917785
490475 541950
486436 507637
470068 492279
426580 474027
410006 431981
436877 460917
722687 768053
394760 449668
469753 492292
440688 464247
468339 491896
506869 552904
563389 586875
552709 580545
433011 484981
649301 745008
507173 564936
499608 522861
600396 661030
373025 397586
559106 584945
369495 391699
522920 588879
686393 709062
441592 463386
436719 482439
801575 852907
400466 448090
380982 404999
492088 514400
650766 687755
521275 555692
1745065 1768029
2041828 2077001
493069 549204
519952 543827
371135 395002
375108 396992
542803 618476
626204 669110
902812 974463
620333 642489
401816 423737
448610 492493
577358 609577
606635 630211
483455 508368
407105 430649
709100 832671
495679 521359
439837 461622
444337 478835
591237 612263
418039 442557
472958 549355
431150 471102
399980 442697
607432 639000
532102 559757
519556 550347
681606 706973
682284 703945
440177 462370
507440 529807
462574 484176
390807 449176
471477 513437
623604 646483
393141 434652
411984 434048
696614 776711
550404 580630
556425 579361
456339 480884
521538 605372
514220 535154
3022122 3060408
542687 567221
511962 537073
452235 475551
456412 480182
652085 682349
842956 883227
451853 482866
740426 823870
519475 548373
577192 602041
515199 541571
429182 451487
416712 461065
381497 426317
429782 453938
393667 414593
524614 549350
2691380 2715903
473138 544581
474771 520765
720369 753902
447242 471484
500556 537321
444319 492686
693593 732696
447834 470091
450894 475913
392324 412721
545539 566257
577493 597697
542942 568334
672560 784776
971666 1089720
549314 593594
845944 954755
588823 609324
433858 457611
392202 441385
554397 576112
413521 456594
544936 630338
460510 500740
500762 530915
760699 781181
450966 502935
726373 762899
695755 745961
543831 588059
537672 568808
435132 484999
608623 660740
527814 550355
518987 539198
644529 666247
402945 425200
434664 457984
362135 395375
479326 502495
535986 568870
452868 475346
434683 485929
731076 770627
499003 560456
656700 710722
651516 677665
523432 575560
517710 630496
461434 504936
381103 404347
664140 716170
461337 487936
756047 786557
490191 596697
974260 1033647
1837239 1861971
402100 441242
1741522 1763656
480796 503102
738728 762622
486978 517702
496556 530752
528507 551876
474088 496802
555078 587836
492546 518150
690277 728015
528656 550415
831891 885794
423352 444960
444907 477194
530697 552720
477448 499812
438097 463831
541836 563952
811969 898779
639820 688327
583118 605615
819104 862934
551938 649816
654118 679482
453729 499347
623683 658968
421081 448549
654482 676987
428955 479213
657889 684959
753156 798293
428741 474877
464535 491631
542182 567223
686866 730011
697721 723701
496933 520962
649910 698589
742627 765146
1132733 1240026
509293 549133
477154 501719
539671 568148
739854 812290
486571 509581
562986 604587
360972 386859
426964 472084
1680383 2194642
651536 694210
607164 654423
941027 982529
789716 836688
415038 475842
463029 502641
447890 474388
411904 5317655
659007 723610
426244 465994
575168 611232
443395 499217
613793 651107
1734437 1791175
491070 537497
597355 639314
897931 920662
936370 979000
674866 718498
862158 926035
438348 486445
475009 500742
495345 572262
602422 655381
661067 696379
680735 722795
676233 718752
719582 794528
715168 800591
853288 912165
892888 928494
436059 458185
631492 693727
434265 456589
598183 637243
433149 482960
522688 556155
567427 602584
457562 480525
813275 879639
667890 692667
848110 885418
1769421 1792050
994071 1033170
1758773 1784059
579629 605702
372575 394221
1759848 1809672
905979 944287
687715 751788
481275 522400
711445 734096
696825 736327
505677 558562
734210 770492
601017 646818
621461 643981
710645 748896
523544 577812
377092 399745
637994 662662
759317 791347
511280 534956
632432 655292
3515674 3566180
981525 1102130
900653 945623
605308 628063
453289 476072
657855 707998
599937 653812
439963 463805
358395 384817
753396 806117
721539 774489
1771613 1809438
436522 488776
382543 406156
915517 1061814
751874 786121
397066 434972
423408 445849
414265 436844
552658 615083
1037695 1137268
744209 796463
614074 641114
489535 511925
574674 632177
616758 639450
796243 833294
400383 422506
426204 449413
547336 608102
534033 559735
492576 514074
493843 515442
769281 807748
477081 500234
431843 476818
419812 442185
415475 443214
681183 759698
835953 881200
1304285 1345831
365789 388824
2144136 2184595
782361 835826
611346 641008
492901 538701
517654 559755
732548 758482
644060 667689
368740 391139
709993 732530
625071 659784
474372 534480
440957 469827
541476 568857
409857 432401
546654 644876
501302 539634
383378 426163
512863 560537
769097 832174
716654 739332
1008483 1154781
568208 590167
525124 547814
693376 755067
540913 579862
584050 625889
602063 624815
696046 796483
487231 530823
958952 1121145
600206 622941
553113 578559
722292 788947
618985 641244
406763 429545
613389 648418
774219 845146
582088 620860
1720779 1743246
775031 845024
413098 454000
2027716 2065887
1712448 1737363
2723273 2746051
983772 1080404
997372 1056964
782403 821410
1054827 1120812
690731 766719
584257 618027
764534 814681
596649 640796
663049 688547
678542 752666
724505 776101
706352 742036
509500 538227
702116 742041
663303 731885
723444 745937
555429 577618
441527 487974
671553 701646
370073 392804
2082474 2118522
543250 565883
753908 812737
516926 562689
621667 653567
652077 708266
545918 568338
643479 684326
378880 401977
563788 590268
679037 730983
562957 585615
584600 609297
760130 823494
417192 439664
410110 434573
443229 465545
785163 850098
671813 698606
659825 726179
966488 1096245
1861486 1902214
549179 572467
1801995 1832576
573845 597864
742198 802940
516678 540172
581945 606004
445354 487181
395654 420297
538916 564719
413069 458668
622014 646468
702437 735815
614668 639644
549463 573875
1342353 1403133
528321 556529
478559 503145
444586 471076
490727 513021
690670 759037
467692 515138
513112 548542
452583 474979
572656 608324
369061 390951
906677 967561
523292 547140
437679 460572
410476 432414
373420 412057
517427 545543
979747 1081937
541820 564163
920613 1036239
481238 508085
683649 750721
598731 629111
459864 500890
546130 568448
716456 749667
602801 625922
510912 582837
457502 497668
476431 506129
1764241 1789653
519609 543239
593657 620967
664667 702515
386406 437152
417706 457716
522774 544790
650441 689796
713048 735631
463905 485866
420307 467750
650694 688996
407036 429636
802082 873610
350435 386096
489092 517992
343338 365151
623479 649870
861353 894856
562420 591348
520999 546094
634515 662444
733572 762333
947529 977894
392964 443602
580630 604956
459534 485307
634073 686923
444709 465314
445228 468197
481236 507667
531339 606698
371893 398372
493810 514831
762818 801568
808824 880612
697798 770856
369880 394034
566294 595012
583823 609304
732635 776085
378893 402061
692810 751657
466035 488225
673123 697705
873056 906552
425132 447042
417483 442346
930941 993180
737656 776219
384407 405954
747719 835386
393491 447057
809836 903569
415994 458056
430749 468809
1027848 1070644
658465 707550
801250 887323
425764 466351
649768 688541
754822 826196
631229 688398
739650 760672
442766 463734
827419 916546
673758 711254
804193 875142
1272903 1294444
611585 676054
622662 659999
568969 619430
634969 680577
650497 692738
393516 415781
541181 563717
900271 939633
698842 728497
716925 773184
597217 623065
637545 711981
781431 851044
648418 695258
706285 745523
374653 399734
628582 684961
654417 677027
578818 635786
534387 557254
5002726 5048657
675986 716990
604499 632043
364418 385179
585919 607587
457242 479708
836761 870897
610547 665595
536751 560340
467166 488269
553290 620120
476950 513600
393079 434731
639619 692175
1214489 1383806
379012 400987
431522 457494
496650 558924
824736 863735
1738294 1774668
594309 657591
409699 449458
762889 802098
508605 539739
718024 797032
507221 530010
951867 1018451
377128 403432
409182 432321
620290 670349
632569 681447
576376 612588
420247 442975
461060 507672
622001 664822
647221 708258
448141 475734
1960463 1985784
748490 786753
558281 604953
550072 592754
374435 410382
717687 780694
530482 554876
896594 993225
545223 568655
678591 745770
765124 811411
1091847 1224372
399591 426238
624899 664580
386251 407969
416264 464335
445332 485555
660163 694078
371357 393261
606113 641246
409024 435867
1774211 1797730
503643 549454
390608 411650
453402 475619
386860 410386
427443 473891
496024 537771
513422 543354
525429 579535
444105 483040
997898 1137954
538831 578449
623111 680231
686063 730554
506596 547108
614362 647715
1272805 1302614
780813 881006
511094 533753
400988 428595
466343 490900
631096 680073
1753199 1776035
862184 894952
436532 462721
503786 527976
910048 958079
826617 877879
800804 846117
1324377 1443096
915156 955572
596243 634451
828020 871622
622516 657249
865257 938840
658729 745773
502537 549263
988060 1022711
3575013 7649996
800857 844735
560613 587627
626107 664349
708730 741456
769867 843118
726391 786628
884737 975622
476436 502761
594707 622942
497260 527509
704840 770492
470559 498421
1007913 1045872
753718 790552
854813 894259
793631 838928
604083 678637
820812 902100
791723 862969
523409 550800
728844 757498
467397 521599
1041151 1086486
833311 877902
492825 519649
1297348 1369275
492938 518050
773901 812890
838816 882186
457744 485765
568625 597095
608051 633121
840170 883379
713084 753230
827320 897208
546456 576834
788361 6479570
888522 931140
1076532 1121189
446393 472176
704836 776497
510273 540524
765088 830952
5549380 5589472
8644680 8673423
1228441 1257129
582261 608153
1008613 1216925
980962 1164951
771059 849840
1611913 1645497
999122 1044073
854850 902264
738884 772924
533517 611331
996887 1132261
570471 604993
875865 916881
639502 675030
769496 802753
682130 713719
851059 890769
904866 1079848
606421 640649
570258 627537
498071 545277
928981 976512
1205947 1257107
699114 784081
939804 966875
1520638 1568488
803689 883581
2006526 2042366
642274 676028
742925 770755
1015658 1062357
1068437 1137496
853291 886605
601936 634170
952661 997426
655991 727144
556344 608967
631217 661122
814537 889885
498755 552428
496018 524241
670617 709606
981241 1029896
854480 919109
713737 746827
3264921 3418447
778869 820987
1239140 1396250
915715 1020763
1944991 1979396
1938713 1968088
1092920 1135854
500105 534156
693245 726432
603118 633865
559851 586191
875150 960083
752319 780464
664508 729290
812134 882195
514613 540074
895954 1027988
586984 613565
489326 519741
536336 595654
506095 531041
761453 805846
638428 666396
760122 826171
822216 859208
414239 445376
848725 895980
423742 450533
477270 550226
437098 486964
544956 569363
1105085 1151661
510272 582230
533211 563826
433041 458116
584149 632411
961741 1008078
534722 562146
534525 597043
540523 568981
476714 501643
819178 901615
581201 609206
1057199 1122956
568453 597011
868926 944970
1270144 1449913
710544 851076
750204 788307
854722 883522
3270682 3312137
742546 814700
669531 697024
826009 897076
440356 488104
633056 698403
551686 583264
1027915 1073950
830055 917049
558919 606175
806856 849125
728881 789992
731952 770956
1177494 1298403
546517 576033
604355 658917
506217 558359
843661 930110
987833 1071650
755986 799564
728919 770643
580193 652226
818699 868055
607431 643337
432504 460980
756198 802788
954771 996805
1872001 1917725
871104 916680
467640 527934
883938 963659
1072681 1180589
545221 625110
552121 580797
580270 635248
438271 465438
718497 804919
505367 538427
603684 658481
717054 768451
742332 778316
797129 839951
474503 534546
2215087 2243429
586331 614691
1069933 1138110
850612 909147
1906659 1934299
660219 723436
667707 700220
630033 662437
1024135 1065221
1852647 1878965
530855 595143
646495 707225
583528 617885
742963 788962
633510 660786
619740 684334
1680512 1727332
802136 833935
459563 503150
3243733 3269130
715060 744283
597049 705608
811566 861568
933644 977936
886353 994127
1066713 1209829
595339 622457
1067173 1157017
877495 964446
455228 485846
926055 962729
516971 580413
874684 977874
2079805 2117723
525962 551668
574794 690657
587611 617488
1324550 1408776
721654 757215
755482 818789
486846 535846
966776 1054766
491789 519927
560629 593059
519694 577827
666531 699740
1267233 1378356
692273 754078
804543 838350
782884 839168
1074473 1118521
604561 630427
609465 647553
572938 600679
788620 834220
821757 864834
476048 503263
896459 937110
594206 702766
870935 962781
827680 868158
498090 525590
692498 718613
744369 816464
695035 729223
907375 1010436
585351 617593
481508 507391
988795 1033740
655568 715378
546587 600307
654349 720680
727721 809853
767893 809701
703922 781585
758912 831956
814011 845254
754047 796936
895372 934472
500943 528852
608046 672117
617226 650519
727891 800535
682003 731982
2968826 3007318
712767 740134
996127 1114550
627832 662585
453735 482760
531990 593678
640439 668400
940109 1019687
583050 631362
624862 666171
509583 583498
794091 838702
2061685 2662802
742303 781798
632625 698187
500703 531625
837682 922447
538461 570689
495320 534974
506351 535039
867119 915295
654438 692036
594183 660080
833467 907885
496207 524673
767497 845530
1687706 1714371
592927 641915
705430 753870
682938 751478
605798 664152
680064 788679
564664 633610
494228 546073
817201 906874
469658 520820
660777 725357
805598 863465
876967 958333
854832 970701
656866 684051
654201 679990
958166 1004098
684916 713157
796143 857716
941330 1078987
622368 649464
853992 901151
524550 590390
516309 563145
846763 887330
1025528 1071212
1856623 1883745
531593 555566
850507 894310
539374 629824
834351 877569
552846 579703
554328 613408
2115895 2158819
725952 760216
522337 593930
503917 558396
751081 794040
459726 494403
619988 656582
438590 463800
668714 696075
881342 927701
492508 522498
1733254 2360025
639813 669764
844031 923439
479002 505968
800994 843461
607489 632563
670993 699048
887852 1023384
575035 606890
610968 639549
711063 736337
764321 820916
588941 614949
428252 453359
623618 655149
501896 560528
967132 1046603
535680 562639
566225 622676
475774 522707
747573 793099
1094103 1169534
475543 503173
1765071 2324189
804640 837792
809970 853535
724413 764318
827885 885329
521491 548839
1036046 1123727
931935 1039555
792398 863662
646657 681184
701153 739545
825499 882620
712991 806892
686003 724267
463320 522535
708094 741173
693234 763568
439909 467414
661588 698061
720782 753337
940509 985231
1885968 1921422
639718 701767
732282 805082
1144747 1189636
650396 4996703
553846 616929
670172 698304
738414 812790
835418 922340
822054 848433
747178 787342
736943 804363
773966 813684
520505 546896
431083 460976
441142 469593
1125385 1172586
906811 952097
627512 653452
703474 745938
581079 612120
737112 768561
475300 541521
621498 660170
802371 862390
788173 858200
441547 465786
975147 1044054
893038 967832
560783 589259
543089 570736
551094 615402
653667 691244
450293 476922
497863 535123
889405 952715
895818 971993
906920 933077
958761 1011114
499358 524205
687318 717489
1159385 1200624
473076 536784
437783 487058
422266 451820
1482298 1526420
1695231 1719930
802318 827817
787971 844822
712736 743628
969389 1013841
1187456 1245687
651042 708295
443001 492391
799435 878114
1402090 1487265
1600797 1625381
621126 676697
2180326 2215231
1046117 1086674
565396 637540
656125 689833
570218 598346
839772 882759
1015618 1056293
865002 988752
490083 545374
692855 733761
870813 969365
533194 560056
657229 723083
632805 702957
794079 844599
751180 780048
533144 592893
1809620 2372739
781998 814073
1276962 1414123
2021829 2054155
841437 879630
436411 490880
872408 945917
569548 597072
542600 570765
659085 683463
423241 447318
763547 843650
683158 718646
580422 648976
681964 706292
871164 944191
924653 963383
619951 654183
457961 485215
635283 659609
906603 1036628
2355376 2384240
766699 808099
776284 823957
785531 827829
728058 756508
482053 509728
1473432 1531611
2168894 2215345
878658 925311
741256 772179
589458 619841
1244518 1373148
791198 861764
915452 957971
461779 522245
621296 667600
568919 598702
1464235 1555823
757085 795654
822666 862316
807886 877737
2196089 2269070
4395931 4424936
6474587 6501902
1688527 1715926
605637 663175
851721 899215
623085 651186
1891154 2465907
647730 700659
547635 590454
3539453 3566345
1001869 1066112
453355 480503
613221 639068
855101 931665
1042602 1090451
784854 854094
485906 529962
1058029 1150972
2259485 2288222
828844 895931
1124476 1283657
842986 889493
1275674 1403003
450028 475817
916846 1013568
868722 913840
487354 554667
723575 771079
630426 674331
2104862 2129271
992296 1037718
800525 862684
700177 726376
899573 952181
865131 978459
531156 558890
723784 750792
793560 834584
1202705 1226394
977999 1024995
498858 560181
425052 451295
739088 786311
1327323 1413477
537990 563351
2013999 2045185
1813451 1842582
760271 827596
972812 1021398
766099 791426
574238 639163
723561 805922
875099 921271
562584 660602
726659 803192
720707 754039
3037351 3067419
798448 872409
538247 565976
647514 687391
526482 555085
790856 871884
1191853 1240907
528023 583902
566055 598660
777776 809690
860679 898386
469261 509535
893866 962459
565809 662937
2224438 2263951
873804 954855
479393 507039
510323 557791
502133 531025
778268 825236
548673 576223
980041 1081808
517100 548488
988470 1029367
599645 659251
684307 5884425
553282 582843
523787 572150
878167 925735
737437 812075
736929 775607
703614 790214
842740 887788
788959 819031
477609 590092
532846 584775
835929 901531
1139122 1192906
705707 742130
657651 685709
780366 863863
743185 786264
854087 888157
568431 594136
498515 526761
838506 882051
771342 850569
617717 641716
777979 827315
502406 532236
1034693 1113767
511739 536856
590797 620007
594045 620884
973783 1016440
847210 891339
749697 781577
830039 913596
2008584 2058818
1260405 1383052
907462 934802
746971 787291
976699 1020700
820114 868314
2059692 2087567
985253 1115082
860269 948355
1242984 1364800
2459394 2501846
1022939 1092529
777953 815748
596323 629301
747591 780334
530313 559595
1109166 1161271
568111 630779
934967 971402
1010053 1084180
656574 713655
739802 784196
579673 611711
422779 451509
751692 781129
783126 861896
772161 812634
714951 754658
650183 719584
825374 859991
1115665 1227592
643361 704422
706523 773118
458495 488050
982613 1107112
983448 1021781
685072 726938
493703 532652
550909 625368
904496 946412
687935 757805
784594 828540
632507 751070
959976 1076019
525195 577647
841611 906921
755116 814029
650126 722888
626054 694210
737241 807588
466316 516957
861195 905913
677765 745645
509903 536980
740545 772515
876355 963259
699762 736756
737926 781288
1049560 1144108
558941 643764
882423 968409
765296 814583
598940 627669
793697 835369
583082 615031
804139 934025
449815 477911
758418 803155
580986 608403
2046222 2077050
740437 769522
764726 866939
814537 892359
458460 484436
926832 971041
836776 880194
978144 1025177
692881 729334
743367 816888
552383 627983
637919 687189
611853 646862
526284 558457
728641 759229
736793 806483
816022 848046
431834 457138
560941 594862
589732 616635
645210 711338
721798 795657
580492 608252
613811 683376
706467 749014
845847 874120
1030269 1102807
545019 572733
638338 666421
1030635 1113101
748494 813967
867108 939610
453225 480481
738854 774826
1005796 1044082
750068 799005
762138 826351
544233 592896
407674 469398
755676 831528
861170 910560
632806 675303
1027036 1172553
684853 713204
751485 798208
1016557 1073158
1078769 1174865
699904 758592
732502 775602
686222 714642
922499 976663
550881 577032
645804 719556
747456 799195
601777 639896
512258 539726
518782 579987
878959 930039
565973 649767
450431 478644
469944 520388
615640 661110
743961 781889
569340 594273
645629 674300
469441 507838
808641 847493
748344 775987
653619 720148
746060 778584
862325 903197
1076135 1128287
465104 524312
426156 456635
478758 506651
1154362 1198932
574332 601949
793059 864932
846438 897446
592177 620539
1010191 1088223
692564 744958
638385 700688
656599 692864
974680 1050381
753842 792517
616813 681565
4446105 4477041
1040253 1072342
1122636 1271812
728833 801416
729681 756453
656251 692402
686400 723674
670606 710596
792887 820977
573070 604836
447554 477906
756769 798950
827696 905014
478134 506350
677485 728342
778321 823409
951276 1024118
2044212 2071925
871507 901253
482562 508279
856155 896762
946844 1041175
598805 653206
618860 666886
2113243 2155877
2333905 2391673
628444 655684
668516 728699
569779 659780
1009823 1052470
650978 685923
585420 666906
841803 884936
674575 717802
663161 705485
489127 518389
597198 626931
651964 684445
847275 1013611
1890614 2456669
625818 655688
640306 674765
635921 670737
684037 718045
422951 447623
520590 607059
874392 1030840
1339978 1505217
2155661 2202231
873009 955258
480546 505469
773398 815956
757624 786290
635559 691127
694008 769002
686825 719521
571584 601536
842207 880356
558389 589253
756498 827967
828791 873049
871078 938393
535058 590470
700054 734946
923209 962948
930498 964478
762443 801958
472012 499282
499116 528796
880460 922339
805942 897874
535007 599131
644400 674960
748429 787769
953594 1001953
660020 696503
701390 729239
823805 863280
513232 544491
592826 666810
516768 568410
2061467 2094118
1072176 1116799
555658 583218
705032 741653
509086 541900
880343 912162
884440 928235
842397 923328
1236254 1309497
1943909 2526954
925192 997385
566439 591509
755355 826599
846511 875909
529038 556283
887312 929575
488059 515290
537227 566893
510836 536314
1085679 1170032
474565 500948
421636 448420
540751 569251
526852 600568
858755 901526
703974 774117
508392 579406
556838 610846
878502 924974
722920 749111
531528 559963
619821 647620
409780 436777
845891 890464
581848 614398
490408 519802
1975156 2003395
997116 1125434
418202 446913
593510 618423
524990 551978
461181 488857
752320 794298
433076 458227
521576 551037
835214 956979
1088242 1133690
2024937 2058798
584680 639974
829122 858110
812431 855326
845127 890716
529051 558287
565790 625589
770469 837051
1383245 1480038
1144680 1215495
681452 787243
851059 899830
641864 716938
896149 974108
571364 628314
772167 844113
424213 449650
759337 805212
561065 595376
759114 795648
795967 840130
801654 840888
946672 990335
987777 1069762
1361512 1531059
1206058 1279723
850746 896478
946879 1001508
3211785 3263097
882479 927075
1054580 1103314
791890 866467
1002096 1099174
500182 527817
1101251 1148057
880798 933005
969068 1016603
1075858 1149946
761110 810637
974822 1054666
686454 755003
754339 796923
833349 875602
772481 848728
876750 968347
917905 951528
827732 868087
486749 541236
776366 826935
580037 634361
737035 777233
611942 637535
810395 839235
811641 861242
852319 898241
615320 674772
452263 503838
821953 866440
766300 849277
619706 724190
532557 566577
783458 852686
787795 862637
885717 997412
4290571 4357708
418948 442772
855529 941834
670365 706268
614039 678675
612631 647644
744117 785024
1053132 1095272
568503 594696
489861 547738
598847 658071
872176 959947
705894 746624
1748822 1803092
506547 555155
847212 894694
1737002 1781828
1979402 2077175
763049 824145
897508 969056
819527 868617
615804 689655
438708 464823
2053119 2081387
688470 722854
1296518 1337966
2036711 2062200
1985518 2016956
840856 878177
1117792 1205081
2199904 2258887
968164 1041608
1011908 1047952
1731253 1757312
1600681 1621437
1250910 1328706
492809 519876
893797 937269
808524 895931
1565116 1611121
2352392 2424818
527205 554648
436971 464740
943162 1021886
2318639 2366967
525500 560442
759572 797794
835844 882891
552946 587651
1104948 1177647
1088067 1132390
878081 922633
737912 782899
735050 823304
586301 612769
1035235 1083808
774483 828856
614135 651759
832446 869931
704459 777233
2149414 2188710
926740 995292
679634 748723
692764 728950
911136 948712
740975 783542
810871 885915
858853 894034
532546 565660
662624 779799
1102715 1151024
691328 756163
435224 464461
545226 579180
1093894 1195141
655071 693109
630538 662854
637902 704224
938974 976754
971840 1023956
428469 459214
667587 718199
861028 910532
1027641 1075476
695965 757952
843647 980313
990248 1035127
620710 650818
889916 930804
811424 889776
1900464 1932478
898303 944354
836733 919202
812618 859845
674029 711536
890601 937039
677260 734251
857681 902128
893716 994386
1013589 1053782
800297 882345
897483 978525
799358 846437
558006 587120
3222418 3271910
678274 706998
787001 861422
850138 930144
454917 480579
595560 664307
919954 999798
877278 924823
449376 478988
832546 880127
782677 830107
741439 794054
767068 806854
1251266 1326347
854468 916530
837801 874044
1360025 1539185
1238911 1364369
1860327 2423581
1083768 1133180
911691 967826
1345402 1424203
817622 884255
967332 1017293
839629 913054
843109 921122
490933 518866
920442 993294
930536 974162
454855 481038
549189 579854
914181 956783
833876 876250
818666 890817
756319 783312
895012 976657
792535 870418
669954 701374
619939 660301
769273 824971
927427 984972
737114 802128
720114 761864
820254 860333
902446 980790
577814 607641
582311 620368
1025535 1114089
1036128 1112130
438310 466360
538571 601305
880546 957521
768486 809741
686507 751397
657863 726419
1053158 1130469
760923 804000
548576 610463
729626 843519
746294 788526
761766 810011
936328 972751
742380 798484
834781 879281
455542 481573
542111 576705
858946 935156
767549 846654
636735 662405
864759 938427
1435833 1533071
867809 913750
415408 440341
564210 592634
689514 726716
931832 1015972
561225 595294
523003 579289
647666 680886
849358 898136
1929720 1959817
933489 980317
856309 905083
1051694 1128736
568345 641687
756128 802911
873630 964984
851438 932514
902230 947734
1024971 1068913
751172 799529
919712 996432
856635 902968
621037 679299
889244 972314
881292 972058
571962 607204
789479 843489
801968 880714
1172684 1221154
775911 856021
637204 677113
827896 926517
682250 721611
792827 877021
768571 844124
876925 952636
709124 740453
658567 683221
977059 1101939
767977 808806
577879 657386
701050 725807
673773 701064
882977 928437
537263 595423
951171 1078527
439586 468687
832898 908279
574804 673775
629398 674540
629857 655063
1205218 1286282
746532 780700
614755 679261
768687 812936
881605 935128
449421 476417
604136 669793
942861 993444
799602 846262
609134 637817
572252 636975
669756 709097
731393 773108
1120855 1282132
557991 585705
653516 680879
839250 882327
999630 1055002
828276 873360
743162 784746
1214202 1257913
764790 804741
937232 985740
804484 895340
905059 947697
993077 1040389
535203 577306
743576 819988
857517 904297
582336 668509
912526 964367
579418 646366
640059 667582
896924 974166
717831 772640
424795 452672
577671 606432
893934 936927
981437 1029921
492019 518998
547044 626271
830278 909550
763169 801924
427917 455647
551914 586110
866384 914600
484127 539763
687862 724427
532127 559022
841206 919762
793448 845284
485489 512625
739525 777119
846938 891628
602876 636929
712740 778628
1921559 1954136
910438 989145
546865 591012
675566 742818
650406 686646
905864 952843
783754 826826
631595 690587
588828 694185
1202216 1243388
2028648 2055971
531662 559265
499450 557504
2205779 2251155
475417 529993
890219 936240
735033 782484
946024 1022569
997725 1063324
1534563 1559503
531772 588554
933697 977838
677212 744109
450475 476582
451805 503118
2142316 2183141
1943593 1976145
690967 719096
805737 871022
835924 880833
692002 719097
425803 3933871
535742 565287
778743 819350
2986829 3017060
491890 519512
599335 674420
821602 893184
477538 502666
486402 514250
725895 820289
849853 928719
555015 607024
616248 655757
631698 698073
1066438 1114349
616308 693970
1054620 1122390
523458 580331
668320 714569
747000 791566
596181 623973
678401 768953
883230 969201
786300 865354
972113 1018090
570643 662527
802363 888738
652554 689041
600672 631085
583060 648857
736010 780161
1416637 1452877
598401 659943
