299117374 301507911
13359466 13928464
218651836 219231581
118387294 118713124
2666927 2815225
2728566 2878704
5189058 5327332
4849820 5871494
2522120 2660904
2202932 2725681
2541142 2783708
4469511 4606648
3536773 4100315
2500027 2718588
2127892 2288241
2680278 2839006
2326370 2544870
2063193 2255961
2607171 2756942
2166276 2866973
3702694 3909814
3439137 3738345
2164631 2293364
2180797 2295990
2037006 2157981
7483662 7597563
1944308 2060141
6895852 22059624
3544394 4643789
5692071 5802193
1727993 1843828
1844584 1965612
4493373 4883499
4485236 4887553
2034159 2160471
3633253 3766943
2070634 2243004
3726108 3833832
2974527 3381384
2517889 2934088
2435494 2583024
14701964 14838625
3485662 3682002
5393545 5937746
6775221 7198397
10421459 11001278
6039527 7146735
2873678 3059284
2061913 2197815
4002978 4354952
3424270 3809826
5015051 5282603
5681264 6012276
7197483 7319250
4309514 4466786
1863525 1997017
2032035 2151251
1896440 2036327
2030411 2221043
4047796 4399558
3438742 3840346
2059244 2273253
1949281 2127078
1777267 1925578
4168834 4484666
4963323 5298003
2122087 2253078
1814885 1928656
2177019 2302334
1739629 2624964
6237203 6654890
7358578 8099084
3662391 3806509
5038056 5302477
5981517 6273533
4267464 5219402
3717539 4006151
4699396 5049444
1756723 1914949
3890664 4219329
4320702 4702659
1697000 1809832
2806070 3067864
3237983 3782721
6665634 7363690
7897312 8291489
2533441 2715872
6110711 6409901
5557608 5882169
4042317 4283754
3377812 3700759
1693253 1801960
4327959 4451555
5287248 5399064
3889330 3997375
1903231 2524599
2721163 2784640
4989984 5147252
4026391 4525896
3927219 3995191
3529425 3631641
1864177 1981821
2474881 2768310
6254646 7390436
6662442 6914111
2923561 4575935
4947398 5019639
2588306 2652390
4055399 4377930
7541453 7648692
2091945 2632705
5173285 5800167
2329016 2397502
5791218 6009308
6461649 6715938
1807564 1924888
1710494 1806133
2446090 2593357
2268010 2410153
3302130 3467593
2566667 2868603
3904467 4192084
1853526 2012742
1835313 2065534
2232121 3912068
1815787 1928959
2445306 2582791
2266122 2413613
2545903 2691614
2318447 2484801
1648817 1973323
5303122 5836440
6003852 6758114
1675787 1789948
1926167 2187781
1755738 1970508
1617734 1732458
1744703 1909590
1984797 2125291
1989123 2131426
3111767 3361433
2805480 3036860
3562529 3962808
4030542 8728408
4043921 4461559
4900361 5401797
2755460 2890733
2285678 2425751
2881423 3089566
3621291 3965038
1656797 1777428
4151961 6587454
3277067 6013759
1647351 1766640
1997984 2152554
1679423 1842390
1628849 1765535
1509998 1625511
3247619 3384580
4626650 4788241
3836041 4320262
4461807 5262256
5334807 6313310
1841577 1969610
2060545 2464552
3969418 4086755
3853191 4203101
3833200 4212274
7253189 7338514
7428289 7535784
3212829 3367868
3135539 3246805
3646483 4145050
5442445 6181898
6158948 6959352
2023620 2620424
2409841 2544384
1653719 1768531
2934487 3174915
3840786 4155671
4997699 5504173
6303687 7016092
6396279 6715663
8256110 8376621
5526473 26692768
5218913 26443042
2417554 2637736
2362890 2515224
3672125 3799671
4784568 4933112
1855933 2032724
9059657 9918671
8359910 9480962
8934766 10306942
3344987 5246632
11973606 12360101
2289745 2431186
1805543 1965691
2748896 2985533
3539114 3818253
2276061 2415152
6095355 6745167
6081243 7850052
8292139 9889555
4316635 5813165
1760155 1932995
6791390 6965802
3787776 3959031
1759595 1883125
2295272 2708543
2617492 2732563
3035504 3495909
2452907 6805742
6034943 6152563
5114025 5538869
1812843 1940321
3297588 3409828
3809386 4359370
1830449 1940494
1523554 1744734
5210609 5322430
6478734 6594241
1589409 1789246
1818744 1929700
2249782 7053830
2936364 3210642
3882275 4184960
1780118 1924769
1860730 1981901
1550659 1670286
1544620 1688701
1824249 1977244
4556436 4717841
1887554 1997507
2017461 2149959
1992425 2166074
1446712 1554054
1615357 1764760
1992408 2173663
1516214 1655852
2144845 2279275
5438634 5658608
6362381 6894785
2127743 2265747
2160093 2296206
1452007 1566391
2299328 2486785
1518281 1630050
1468040 1606567
2132268 2256382
1723361 1883199
1443735 1581856
2639760 2821513
1889140 1998092
2070581 2170502
7301537 7459337
2773241 2955432
1953865 2103067
2156051 2752036
1554611 1658662
1665916 1779216
1855573 2004529
2360588 2488157
1759633 1875798
2814836 2944543
3875555 4014788
1555548 1665302
2250208 2418216
3012047 3247738
2586114 3041900
2248605 2391462
1707777 1809645
1685578 1804836
2069120 2207952
1611525 1721186
2979738 3094560
2198850 2338643
1509224 1655397
2159432 2287767
2173354 2314729
1547855 1653239
2646108 2774149
2188966 2328434
1632028 1773237
1635683 1747353
3466656 3599211
2186173 2339648
2178673 2306389
2086458 2207345
1715564 1864787
2182243 2463216
2825189 3105491
3677048 3973654
2818554 2917112
3692824 3807186
1464167 1582898
1629451 1753458
5421767 5536224
4819147 5714676
3448857 3885919
4011296 4337185
2110634 2262420
1573517 1712207
3109807 3307922
2660664 3204332
1870454 1978712
4357143 4407560
6084995 6142451
1608160 1664107
3339060 3439614
2700866 3067395
2117504 2291558
1524181 1632170
2090695 2338616
3717741 5001558
8247103 8663181
7892579 8939324
6053715 6358038
9225141 9516578
3444679 3573613
1626777 1733947
15842093 19308801
20660102 21152529
14654994 15106367
14290358 15793613
4208456 5957578
14041298 16275344
17573140 18140121
7525794 8250438
18979636 19087714
35394560 38991327
2261396 2402087
1410899 1528242
2785267 2910469
1906759 2091005
1531874 1641938
3010530 3117383
3616923 4292723
3350255 3568918
4304494 5021983
3909088 4729895
2020170 2796714
4955417 5541743
5910500 6492795
1470674 1578577
10344498 10485318
3154831 3309537
1398305 1504598
1791966 2021508
3775679 3903961
1529566 1633620
2980575 3195731
3822060 4365434
6395812 6826850
7004474 7887191
9695989 9858417
2306623 2421866
3287189 3396666
4337402 5053442
3423415 4740544
5237267 5672071
3596835 4183354
5166113 5271586
3196512 3435680
2680256 2790857
2693768 6318772
1501856 1637084
2933910 3047661
1918852 2085590
1453853 1595074
6477204 6622121
2127105 2299902
1389120 1551412
2304346 2446209
1477579 1581910
1470272 1654066
2721913 2931625
2939905 3389631
1427443 1563436
2174419 2425107
3530488 3636026
4005138 4158926
2284328 9794066
5537384 6913919
5485383 5997606
7205647 7306578
6633066 7127604
10226072 10368787
1384527 1494069
1528433 1682752
1472330 1583726
3639092 3772274
2646592 3210527
2150647 2285474
1510759 1653010
3957299 4282571
7396711 7996696
7911230 8800040
2295015 2610962
7626227 7740239
9094943 9268599
4569844 4768760
4179844 4422677
2745525 3056989
3669225 3887218
1843957 1947379
1489360 1599913
1385716 1491540
3873468 4050929
3424633 4099361
4424745 5252491
2362701 2478965
3477000 3631236
3508339 3765412
3424646 3781836
1510599 1618320
2598682 2840003
3256442 3804133
3386404 3691992
3976970 4427841
3135466 4019454
1484796 1598645
1675090 1794689
5676144 6290455
4803766 5016411
4912966 5749707
6076914 6910657
5398971 6740326
1438010 1543662
4466393 4654341
4964978 5512687
5861293 6305323
1639875 1747936
1943910 2098520
1445069 1546223
2524484 2843300
3048728 3587527
1311106 1421484
2177001 2365560
1489652 1597084
2813994 5267124
1708542 1875635
1647190 1761771
2012433 2170984
1838430 2039304
2513837 2618455
3209088 3311652
1578933 1712596
2973815 3089889
2260891 2851785
1533130 1637903
1277179 1378525
1829495 2032052
2143979 2269660
1647150 1797235
7102326 7269725
6900198 8621913
6408282 8237591
9044947 9607808
2991189 3127507
10928897 11022938
10957450 11048594
7137418 10946173
11052033 11102795
12494895 12679724
14567168 14644198
149279773 149390851
1608445 1718226
2117183 2327873
4266712 4406717
1426907 1570010
2603727 2820915
2332097 2816068
6895319 7094066
4092301 5423972
6589775 7370349
4390588 5554633
10293179 10419288
2028967 2154575
3645756 3696707
2421773 2866336
3688030 3984232
3548886 3715903
1463576 1562341
6087845 6170733
6871947 7084047
6742096 7055927
7964161 8529136
2111789 2295270
4680806 4792082
3247885 3351603
1707969 1812768
3203260 5670464
3563708 6443094
6541781 6649270
3608920 3661210
1529238 1657546
1299950 1425347
3411982 3520092
3203236 3901044
1333308 1433162
1494273 1647168
2058260 2259952
2828083 3257175
2189442 2406667
2661279 3136218
1306366 1411183
1690558 1830793
1988337 2116585
1805628 2076496
4879073 5109168
1595570 1849222
6797634 6933177
8345370 8538077
1593815 1701723
2264547 2366294
3116323 3235908
1555280 1659912
1945364 2089147
1463829 1569403
2633970 3096460
3780806 4556163
5037539 5319451
2064504 2189546
1781186 1954172
1409475 1531606
3088268 3186765
1518775 2110013
4989498 5145360
3870338 4048470
3394010 4025936
4336684 5105182
10281840 10388125
2727493 2861503
3415075 3552282
1565549 1678913
2421191 2553765
3129661 3235597
1935129 2101169
1250584 1362448
3286476 3470603
4020012 4113385
3523710 4052961
1336335 1438831
1438799 1581203
3996288 4120186
3428518 3970147
5761527 6235329
1942484 2057919
6469520 7331758
7968471 8194684
1455146 1557667
1326604 1459123
2730833 2968917
2434232 2926293
4802831 4951511
3369506 4601141
4819405 5270343
1289830 1428743
2717428 4945051
3549482 5976636
1663375 1804221
1417728 1525261
2732884 2839565
3740599 3791164
1684805 1834752
2294850 2514337
2866410 3369330
1885235 2039584
2810743 3013209
2422106 2905267
1455229 1563431
2928882 3064415
2373238 2995107
1403266 1510041
1332764 1464969
2028797 2305973
3541739 3669577
2178103 2343660
2594715 2699742
2071272 2197256
1283004 1388714
3287509 3502689
3813797 4541050
4466873 5299555
5406551 5550430
4240288 5466020
3518525 3760153
3951127 4462997
5170377 5276730
1614182 1760310
1336636 1446765
1324762 1428190
1478941 1583234
4401551 4651056
4038244 4543276
1329613 1447767
1325189 1432138
3917494 4124899
4546496 4824603
20325876 20434633
2451834 2692296
1660455 1764559
3685541 3736913
2848545 2936190
2981969 3092075
1542894 1660255
1461775 1594148
1640797 1779150
1382169 1479769
1992969 2131249
2004822 2228961
1752455 1902686
1537582 1643513
2249652 2452458
2745249 3164647
1470555 1612303
1498253 1633804
3616211 3721877
2812670 3486444
1297038 1429003
1575761 1682935
1428582 1560149
1400140 1508507
1932465 2092580
4267606 4791263
5943212 7113340
6299076 7075115
6747889 8247576
4312150 4567601
1576202 1703380
1359304 1466353
1320449 1449831
1821086 1982657
1460392 1588806
1963467 2290495
3592377 3734327
1717395 1850317
1555469 1704768
2168214 2316106
2147844 2307779
1407933 1535464
2089215 2223403
1585693 1768244
3717182 3918378
2147779 2280988
3346444 3453812
5890136 5997476
1553443 1668397
1265273 1398842
1472817 1611327
4621774 4761282
1580070 1691431
1885983 2016155
2733152 2947519
1495078 1595821
1415813 1523039
1450315 1566243
1305229 1453189
1322355 1454108
2179422 2377470
2805725 2936745
1310826 1424797
1454468 1580889
1485868 1590828
1954922 2105601
2611780 2750427
4441657 4548697
1397872 1508718
1396482 1534248
1702907 1819823
1477944 1582966
1450158 2739909
1415519 1526719
1517863 1624923
1912700 2031891
1247949 1352994
1403866 1503850
1336709 1487445
1424247 1599146
2683603 2795958
1337156 1462493
3782870 3886607
3113804 3874025
4730388 5196046
1415428 1546518
1356156 1460205
1409117 1540396
1220918 1324161
1291393 1459186
1523455 1693434
1370849 1495409
1423672 1556050
2291992 2510332
2835558 3274190
1760515 1889126
1586672 1698329
2323776 2512279
2751013 3202114
1602013 1729558
1457499 1575065
1619114 1779983
2458229 3027323
2179123 2360733
2833455 3298117
1424511 1557891
1679706 2081717
3677131 3808804
1277714 1384591
1538347 1656666
3984314 4085128
1620167 1719116
1869232 2005070
1845268 2018929
1573039 1696088
4352042 4450037
3382298 4164215
3846695 4837301
1464173 1575441
1805898 1953031
1385659 1491430
1428700 1557089
1479948 1594745
3071492 3170444
2599986 3156636
1282850 1397960
2193695 2382296
2629440 3159655
1319791 1436096
1439625 1571776
1363791 1468663
1586231 1725224
3575963 4036678
3768537 4783786
5643049 5780310
1607204 1738022
1297636 1407823
3152865 3289360
2737496 3171046
2088693 2212207
1641780 1762021
1341502 1472777
1476487 1627473
2823519 2918405
2349838 2941951
1863034 2000443
2436777 5067940
1648544 1761662
2272399 2447090
2783003 3241348
3131603 3243747
2620452 3195151
1470626 1591770
3936715 4180696
4473929 5005322
4165624 4615978
1436758 1567787
1781178 1949090
3167098 3299192
1337107 1505084
3091246 3209717
2527351 3166084
1628782 1756059
1646897 1809701
1934115 2175878
2767182 3296862
1560246 1676659
6577653 6857494
7104054 7410165
6427426 6899197
4340278 4451200
4807802 5244359
4507552 4609694
1650713 1795825
2956109 3228774
3358907 4004015
4349467 4824377
1308924 1435769
2205498 2433117
2661113 3164017
1641365 1755548
1371212 1523255
1852473 2006124
1711208 1834038
9279850 9401485
8718320 9596147
10516105 10791637
11865770 12096548
1909022 2036100
1308829 1448684
4026685 4251960
3719806 4222500
2085891 2234381
1330375 1461442
1281947 1395328
2485792 2690222
2971529 3473480
1321903 1458465
1432102 1549325
1231087 1357929
3300204 4058812
3823577 4762108
2758393 3438481
5357458 5574977
4782238 5275021
1491314 1605642
2178084 2436776
3148392 3586768
1695334 1822901
1484238 1596405
1313239 1449526
3881140 4020264
1349798 1452913
2316234 2549426
2845325 3346014
1417530 1525960
1812870 1970956
1681866 1817274
1520888 1641988
2398078 2844191
2085643 2561763
1629433 1759992
1456302 1561645
4339961 4661615
5200543 5766109
5678725 6306929
2810747 2924685
1409020 1516994
1318932 1416299
1552949 1696267
1369258 1472015
1571415 1692486
1432892 1542900
3624868 3677107
3446942 3516052
3125140 4387434
3994346 4116468
1452431 1586450
1640510 1927683
3259019 3422990
1473673 1627615
3435217 3549738
1776405 2675570
1960791 2113002
1323620 1445003
1427983 1558829
1467956 1603451
1534571 1647258
2914430 3321809
3402501 3659160
3668907 3774554
1641367 1775547
1253136 1389183
1726341 1872679
1768611 2047690
2300186 2406728
2518213 2641700
1261665 1385149
1348891 1455740
1326756 1471914
1532438 1697685
1802783 1925837
1539676 1642970
2740414 2861269
5604667 5724110
5640914 5751176
1417985 1528015
5618082 5667741
4954641 4999869
5649993 5751193
1421057 8628273
3620058 4386911
4103783 5295238
5827415 6356476
1792275 1900845
2565606 2672831
2093166 2806495
6954796 7050354
6300480 6862671
18890860 19003746
1671754 1797974
1698595 1823731
1463392 1570110
1746876 1866647
1292708 1398088
1343337 1468887
1493627 1625750
2416240 2621783
3478403 3670279
1489534 1637715
3835707 3977354
1520818 1634203
1399419 1531387
5128308 5341811
4870708 5766223
6920937 7035796
1855468 2006992
2596698 2857108
2315279 2830823
1587973 1750036
2772234 2919658
1740527 1913039
1332458 1432122
3556861 3781223
3058412 3772698
4125114 4941210
2531494 2631878
3444125 3854181
2055610 3085502
4760033 5170987
1387547 1492482
1204057 1349274
4945171 5377024
2011279 2895026
5579473 7017284
5657469 6971120
8769362 8933822
1317294 1429350
2648091 2930779
2428586 2914108
1267751 1390726
3878206 3949706
1929636 1992475
1277106 1382832
4033649 4327085
3588859 4354926
4573126 5444197
1830540 1970576
1965489 2155192
2603643 2967726
1277011 1399259
1970300 2142719
1406876 1585473
5015936 5435555
4815952 5491736
6731741 6967687
1760118 3159139
1479538 1586780
1263834 1389989
1308506 1412959
2507699 3073516
1834283 1970394
1390047 1494795
1527859 1643746
1694090 1868880
2537659 2670236
2597389 2724092
2577377 2681354
1586159 1702122
1587598 1705625
3596587 3727362
2254754 2750246
3494500 3620174
1222608 1326329
4035369 4621344
4999888 5513444
3858059 4764090
7457000 7645563
8923966 9042796
1613476 1756964
1180949 1279214
1842691 2013432
1273476 1381245
2440012 2535737
3178846 3748858
4155489 4261582
8753337 13446415
14807544 14991703
14567712 15064288
1412380 1574140
1610669 1752938
2396589 2612996
2952145 3547828
6494252 6813252
7160064 7918413
1143758 1255000
1981828 2093934
3274963 3535740
3039343 4988698
1387350 1782585
3894491 6299213
2783661 3080544
3554524 3916412
3761976 4068507
4196477 4712332
3573755 4264893
3159362 3369762
2747420 3319233
4256145 4690628
1374609 1477793
1270801 1390936
2560701 2698102
1996402 2115420
1817906 1961960
6179469 6245689
6582532 6632985
7386264 7636578
3068050 3547777
12527826 12806493
13280224 13754931
13096437 13211388
2543959 2806295
2852285 2988019
1355206 1480839
1662243 1799091
1260608 1390967
6294596 6447318
4059660 4282894
3024066 3497622
4475908 4757696
4195650 4632916
5796118 6454842
4783297 6455672
5055171 5157710
5470365 5876882
14209080 14337851
3202416 3406315
3774618 4212725
1610766 1728093
1281732 1410639
1658588 1849198
3426880 3533973
11232123 11326266
6545481 7076458
6747970 7728113
3844328 3996878
2942070 3036230
2481348 3061986
1326298 1449840
1245517 1367544
1144336 1248158
1260883 1364140
1623297 1743422
1331149 1434930
1334857 1437024
1294385 1433827
1977109 2200824
2398436 2618234
2293677 2789758
1716042 1859935
2195061 2246728
6551791 6597967
2956509 3627652
7338483 7777794
2029978 2126465
2352768 2871649
1454779 1569467
2720462 2830644
1840780 2460868
1356740 1458871
1272160 1383814
1416647 1542230
1180530 1301457
1791435 1919143
1124256 1226571
1267413 1369504
2027421 2317736
2564706 2665187
1566378 1684780
1246015 1370124
3008820 3138976
1160706 1263382
1158611 1288018
2002556 2323371
1750520 1862220
1329723 1458199
1159386 1281496
2029202 2210698
2048179 2572741
3205862 3314645
1289555 1399402
1551784 1672928
1325506 1430656
1231091 1333378
1719460 1846364
1511293 1643959
1979923 2101306
2621664 2876354
1782583 1952747
3496984 3600535
1181847 1288898
1413211 1534262
1648108 1785109
2222700 2412362
1449171 1572864
1466025 1586954
1443942 1559506
1274604 1378984
1712144 1880639
1326297 1433194
1593211 1829977
3451634 3578344
1172081 1281827
1177055 1303730
1444363 1554286
1408574 1548026
1256831 1363193
1212107 1318537
1217613 3030502
1368613 1484399
1268876 1365899
6781650 6972228
2787913 3096995
3608070 3961639
2263415 2352955
2514474 3066335
1222602 1321554
1258481 1365090
1185779 1290416
2291939 2489912
1346916 1447869
2130766 2331364
2670644 3133175
1139899 1265343
2476982 2581858
2502338 2548818
1697711 1778027
1556739 1662718
1878465 2035477
2980234 3076932
1239295 1379797
3323594 3439250
1425449 1521529
1715676 1856964
1477808 1583498
1867091 2698451
3512459 3642003
2267476 2473130
2658847 3135669
1299377 1422657
1935735 2064389
1400215 1545541
3063787 3171607
2613715 3197630
1354819 1475837
3502885 3564631
1206277 1256532
1651553 1771029
1216226 1338641
1290675 1434781
1239400 1346921
1311137 1413631
1197576 1302200
1407870 1514796
1723343 1876985
1297467 1428995
1193967 1343890
1829583 1969084
1461945 1579178
2004905 2228300
2559268 3019280
3387711 3522391
1403647 1550628
1503906 1623928
2343394 3015890
3427409 3927184
1694463 1847862
1149840 1252665
1551005 1709796
1829386 1995223
1486292 1607822
1692149 2120163
3071807 3186854
2492800 2604140
1496273 1602763
1207441 1335424
1608399 1749086
1223716 1323464
2234842 2674842
2603046 2721537
1388782 1485177
1249968 1358955
1239584 1349328
1279399 1378700
1142222 1237899
1381913 1489069
1262941 1357103
4905650 5068584
1245944 1355161
1396600 1504022
2823908 3022313
2500293 3012513
2050197 2629369
3035252 3604291
1185346 1278913
2037045 2140166
2286804 2829189
2531672 2628951
2094344 2626485
1654007 1806646
1205143 1309472
1343894 1447437
2585092 2681453
3197302 3291542
1267335 1395966
1231210 1348191
2254716 2377686
3391856 3529441
3562720 3745963
3311032 3841647
4946893 5065231
1877861 2317426
3251987 3378993
2339208 2839973
1170492 1294827
2066319 2265363
2516055 2966944
1276587 1388291
1215435 1340791
1439478 1579149
1229905 1378873
1211436 1298329
1302434 1418028
1235727 1349618
1377329 1464361
1501501 1637615
1273622 1379346
2694949 2787156
2204238 2803893
1642576 1731699
4691334 4735679
4724360 4767599
1253774 1292970
1280406 1379685
2832234 2923153
2256515 2896858
1319050 1414581
2071399 2543098
5187409 5942195
6075666 7043853
5434820 6948726
8472585 8569778
1170089 1265658
1465640 1581695
2980731 3074023
3327941 4103024
1184730 1281026
2100005 2283395
2510200 2984461
1390712 1485682
2204613 2379900
1974806 2454993
1257086 1349631
2051656 2175338
1313396 1405997
1605454 1721118
2159757 2323502
2666472 3150923
5343257 5769017
5934761 6441267
1827055 2757493
6123803 7470387
6718801 8137020
1698234 1819390
1182202 1286841
1303638 1411137
1671968 1949088
4833027 4929748
1553945 1652009
1493383 1587489
3218635 3982641
2956502 4049548
3644653 4069124
1499091 1599541
1345856 1452375
3002211 3113087
1302638 1429996
1305156 1422356
1610513 1764191
1234114 1392192
5392031 5437363
5196924 5285914
5292136 5332792
1354260 1478644
2745863 2803677
2455880 2529717
3394363 3451620
1307265 1349874
3248703 3292069
2698923 2949304
3134655 3607295
1429066 1534440
6237291 6346734
1203796 1322266
1240934 1347831
3943548 4047752
3890980 3973515
3501652 3912814
1196776 1334243
2974094 3146579
2746068 3158090
1121195 1229593
6762269 6858058
1688737 1826085
1750945 14129816
1357729 1477978
1110360 1213580
2153288 2340615
2655811 3094285
4833691 4932193
4386652 4895173
5871838 6316399
5361712 6213445
1539155 1651166
1268170 1387124
1318486 1413934
2342419 5139205
5139686 5321424
6821114 6913196
4617100 5023809
4554688 5077168
2176637 3162459
5314228 6400111
3136555 3224271
2577094 3142656
1769109 1938479
1103592 1199707
1306210 1417800
1385045 1538339
1244287 1341026
5186314 5728622
6032856 6479431
6306392 7297220
3168314 3611995
3930062 4388868
1602261 1767881
2436179 2544077
1996345 2815287
1627461 1728901
1657536 1780476
1214271 1309711
1158244 1279426
2336505 2563711
2097447 2653710
5238786 5342289
1790187 2005113
4320391 4417288
4653039 4805120
1803277 1944995
2463331 2737346
2740695 2928981
1444001 1545115
3146733 3356196
2717103 3342747
3707624 3805870
4763165 5206824
5712521 6468854
4801568 5074209
7194157 7916210
8610228 9757453
2742770 2851082
3535588 3631644
1322110 1605314
2763690 2941528
1479845 1593866
3499484 3681820
4026313 4354908
2523651 2613437
2525605 3014723
2075713 2608697
2474771 2592319
2251248 2346937
2481904 2985388
1101251 1197441
1253730 1372128
4450257 5053480
4813510 4969109
2799165 2915730
1080037 1179016
2514261 2570023
1794049 1885244
3029571 3166577
2616780 2727117
2372370 2894934
1197393 1343146
5177377 5428066
1384124 1655754
4707889 5316828
5227326 5319598
1829602 1921784
2840439 2931259
1321169 1437051
1933088 2027318
5517573 5743114
6060297 6176333
1733171 1877868
3605080 3851814
3254615 3777735
3030989 3788624
1186320 1278366
1195798 1284648
1142164 1269364
2508727 2600020
1303816 1407101
1192851 1285321
1536933 1650238
1148837 1273507
2839940 2951785
1410626 1569235
2628578 2797907
2387920 2818049
2264704 2351453
2498893 2999291
1248827 1351861
1266447 1373421
1514622 1679753
1681912 1775650
2292347 2395534
1757196 1874044
1154351 1249957
1175311 1289138
2523813 2617581
2176076 2377381
2693411 3132756
1116589 1211371
2738961 2786251
1286032 1382232
1901327 2053141
1735880 1828141
1382767 1475691
2985719 3169965
1301761 1396113
2548970 2751588
2289101 2732348
1383478 1491290
1364184 1492231
1131209 1226665
2817411 2926722
3079941 3177662
2572064 2677674
3169470 3289428
2881427 3001016
2838023 2948376
2234075 2842512
1170764 1282148
1767668 1890373
12198887 12325246
3331344 3417589
3024035 3571136
17707694 17803328
2262014 2456551
1970544 2474955
2430213 2610348
3026442 3495656
1403129 1507988
1837119 1981924
2309239 3265420
3355796 3591740
3752201 3880180
4122727 4694690
1458545 1579477
1432492 1552978
2357044 2483029
2434490 2527824
1199011 1307006
1879515 2033328
2137202 2328728
2854434 3379412
2472833 2576417
2720454 2812244
1116450 1209572
1369103 1465485
2951676 3529332
3714238 4008942
3860952 4383168
1872467 1992373
1787260 1906916
2270382 2369393
2312283 2432674
2008628 2118043
2241268 2757639
1214874 1322110
1441829 1550102
2380302 2547004
2064152 2463418
2212777 2423538
1678595 1825790
1757907 1993759
3328756 3429486
1222256 1317862
2274961 2374927
1927716 2419088
1681172 1800164
2544439 2641780
2540864 2584300
1915883 2011044
1843664 1967354
1524001 1640419
3376552 3498949
1254811 1354896
2135593 2291481
2550665 2644305
1566400 1682669
1541429 1657930
1340180 1437928
1864645 2021264
1741672 1896466
4793431 5140852
3700665 4285803
5085865 5969997
5388862 5492361
3040621 3138528
3188927 3804946
1653257 1751962
2143857 2325510
1811318 1962635
1397451 1498893
3552836 3881687
4312189 4594077
4340243 5018498
1455731 1559498
2835268 3555351
4292704 4468248
3563106 3970158
1535380 1658284
1810143 1994833
2672109 2848859
2312959 2786051
2086299 2173200
2340107 2623455
2628553 2727840
2120021 2458957
1247064 1341509
1310202 1408481
1254153 1351906
1655063 1773969
1249458 1379490
3223475 3319069
1770137 1867817
2245793 2364141
1176605 1287890
1292693 1389418
1354401 1639243
3308438 3399273
1954571 2068164
6913841 7116089
1973094 2214606
2374869 2468724
4071587 7760044
1529981 1625429
2183394 2272144
2438299 2724670
2545644 2648995
3316202 3413359
1196161 1292646
2515039 3174561
2630834 2757479
2327873 2420006
2393299 2518157
1226541 1316514
1757666 2018989
2381531 2508265
1911474 2090315
1410881 1503991
1312310 1426675
3051299 3620873
5039153 5293078
1906901 2353068
6116889 6365752
3591909 3734809
2087921 2328243
2584940 2676046
1202496 1316374
1318668 1410833
1115953 1226401
1653222 1767920
2382062 2542354
5327004 5489462
1514017 2214014
5854565 6291537
1782657 1968454
1240195 1351169
3452386 3530834
2028903 2069044
2593918 2635090
3575062 3763367
3381791 4096176
4969190 5016066
6262725 6919209
4557406 4646151
1946315 2476151
3470240 3570399
2973374 3254227
2719897 3390248
5238309 5331247
1214158 1315787
1852619 2023530
2427215 2886998
1250273 1392579
1221339 1340893
1350898 1440489
1267695 1360124
1544545 1655727
1705380 1877418
2898125 2986983
1261983 1356484
1711405 1889806
2716640 2810092
1502974 1633918
1324156 1428848
1473704 1519604
4648970 4777143
2228032 2415853
2967852 3248645
2845167 2953620
3406752 3449552
6753895 6849645
8833881 8873912
1553845 1664742
1400068 1467409
1590617 1999227
3569777 3686537
1959293 2074087
1400752 1517788
1323533 1417991
2421868 2475419
2622024 2664636
3039826 3082892
3548193 3606131
3188416 3226800
2915827 2994867
2871534 2927747
1342478 1423683
1150055 1241430
2431190 2471521
2708480 2747151
2416956 2456948
2437085 2562194
1069081 1161352
1331603 1424654
1455234 1560124
1320186 1413433
2074252 2245217
2566690 3006556
1854054 2290670
2529405 2621120
2564366 3330615
3660806 3844219
4038786 4472033
1268502 1383152
1519721 1619061
1660891 1844494
2803145 2899378
2838795 3005668
4602876 4760176
5157466 5249055
3453297 5323105
1100475 1211843
1927601 2085824
2509043 2600715
1231580 1324966
1152768 1264228
1271211 1366497
1211654 1362639
1780650 1990908
2256876 2348514
1167185 1277092
2451452 2722806
2379645 2661442
1442432 1534959
2336520 2635436
2847858 3319841
2523768 2620060
1166173 1256932
2236614 2370745
2519014 3113009
1356527 1473978
1144117 1239393
1146850 1243968
1158773 1258027
1800907 2048527
3509595 3601518
2476203 3045166
2720081 2837772
2162103 2361595
2507779 2623940
1175927 1268670
2893532 2990606
1619818 1713072
2258684 2350724
1211524 1304798
1321063 1423186
2257376 2421640
1977466 2392390
1744119 1837919
2460513 2651333
1888769 2078929
2401568 2494515
1246675 1359104
1114691 1207736
1098464 1221021
1266078 1361551
2935520 3307931
2786194 3212778
5131396 5227776
2531442 2773009
3206036 3298734
1127204 1339144
2985296 3093258
1236568 1336185
1067071 1165223
2356035 2536949
3083403 3346379
2300208 2387582
2523724 2847078
1214502 1342860
2575602 2887333
3101568 3653845
4426280 4543453
1706373 1796597
2838382 2961082
2012445 2128380
1127081 1219166
1853797 3324826
1257437 1349895
1267756 1361547
5477553 5973362
6714774 7145316
4998078 5137501
7770205 22846434
1278428 1372276
3073063 3197614
1193282 1290676
1108179 1205161
3242048 3282464
3140449 3176136
7775907 7817280
4658836 4718093
6216864 9442641
2795708 2836049
4324337 4366549
2342460 2399681
2516438 2574619
1196959 1296037
1199238 1291624
1878009 1920877
6200466 6444688
5483094 6100198
6859697 7636871
6011695 6938015
1242824 1335111
2047181 2286041
2472207 2600516
1536284 1650417
1907605 2064065
2466944 2559438
4275800 4389954
3403440 4366383
1495740 1610497
2257242 2429490
2002727 2409243
1442792 1571051
1143103 1235322
1413461 1521580
1216469 1310096
2872217 2966874
2484816 2572122
2519678 3000799
1381143 1505804
1158527 1252841
1516868 1687797
1787192 1884604
2395492 2493819
1904568 2171981
2721473 2935379
1215525 1307586
1348591 1458813
3137814 3229337
1183188 1279323
1229446 1377373
1085699 1175360
2907320 3019040
2380963 2946417
1707654 1857217
1183062 1295886
1280564 1376799
1800232 2009337
3237018 3350272
2236408 2329422
1264272 1361746
1209346 1336421
1115343 1237146
1448688 1541454
1331741 1426985
1377646 1474434
1340489 1432448
1362361 1459213
1195769 1293275
1140208 1237234
1224672 1344256
3025423 3123736
1523637 1635994
1414948 1520224
2356880 2537611
2971114 3496846
1223470 1333544
1329893 1431914
1186989 1291282
4160915 4204221
7554136 8626078
5041100 5079273
2511001 2637396
1550685 1723329
3297641 3504155
3073836 3584267
4893341 5047505
1180380 1277697
1489483 1582971
3114343 3354631
2657411 3637371
5004078 5100535
1270807 1389417
1685402 1800830
1346680 1467440
1949113 2144981
2373393 2780809
1565675 1661048
2890710 2975003
1206468 1456794
5201937 5676981
3296671 6051257
1361531 1454813
2585511 2688152
1386260 1513211
3459891 3562280
1391994 1520288
2554879 2649733
2621091 2730484
2290922 2385129
2554817 3041341
1295307 1387519
1161596 1283453
1206503 1335899
1647942 1795635
3389835 3489044
2599827 2831838
2388259 2592697
4894091 4987944
2698388 2916263
2605379 3021761
1571454 1691257
1257091 1406257
1761926 1935387
1324656 1444418
1328975 1416650
1280529 1431778
1222090 1346526
1206938 1322061
3388160 3482931
3999599 4116729
2010051 2507769
2416157 2524913
1465758 1564307
1739551 1883576
1264209 1363987
1394193 1501846
1259853 1376628
4458247 4736712
4343732 4985251
4870211 5928926
5960231 6685537
17999846 18093914
1157435 1272803
1592117 1704093
1369549 1464909
1215612 1304773
1269337 1362321
1301455 1443608
2301757 2525840
2813052 3225294
1529043 1640616
1632127 2103897
1244915 1336505
1706728 1840408
1422319 1521873
1197033 1294256
1342877 1491119
3501955 3642832
3678541 3723962
4069586 4244801
4449116 4847491
2519533 2617905
3461170 3575248
1573392 1670560
1567846 1706587
2595231 2901142
4455881 4904461
3840833 4709081
3294915 3395436
1408732 1504446
2627310 5220447
1356546 1513200
1502294 1717763
2796920 2898787
1985485 2109322
1221514 1325154
1435481 1554482
4940851 5038531
4702093 4766384
5678715 6431921
7803003 7862446
6649981 6746601
1806665 1925873
1626352 2157333
2829833 2945840
2543911 2639554
1893252 2011082
2011659 2116733
2561893 2662588
1260463 1353707
1733262 1876962
2806368 2928392
1313051 1418204
1402654 1538214
1829403 1950434
1317009 1443336
1331247 1454417
1188922 1283893
1817927 1940737
1768928 1882269
1762641 1875932
1261746 1361192
1655931 1773455
2345318 2456307
2784915 3065585
1200489 1293484
1722680 1839444
1855855 2003677
2637935 2749262
2663351 2785589
1667276 1784393
2963983 3200751
2792452 3355169
1642090 1781372
1680132 1799485
2484867 2593125
2785650 3369936
3157831 3250946
1787678 1936309
2849927 2948492
2456387 3085863
1816032 1938099
2205208 2388123
2773464 3277679
1503964 1636428
1343954 1468875
2615962 9603577
9518420 10545521
9685757 9842094
1230888 1327425
1498397 1664678
2550070 2717371
2262181 2701544
1476411 1582689
1260074 1380415
3691017 3810200
1179899 1279217
1171027 1292090
1818113 1931003
1186022 1282582
1144287 1241403
1289862 1412517
1564965 1674224
1531190 1647970
1117126 1237562
1310936 1433617
1735099 1874673
4939789 5036465
4635424 5350047
5223329 5318383
1685738 1827895
1295784 1405817
1673740 1863087
1171037 1282146
2886306 2979445
2319033 2892387
1315369 1410271
1074861 1168205
2502376 2755378
3113286 3660952
1209831 1303264
1414734 1538855
1711448 1861009
1237199 1350092
1248684 1349599
1613865 1763489
1749587 1899654
1262965 1356589
1677942 1807481
1123858 1218209
3104656 3221359
1170919 1261740
1274709 1370403
1159514 1278263
2381790 2567926
3004323 3282562
1319443 1422333
2831075 2944989
2469187 2606553
12812878 12932638
1450968 1549892
1630577 1745164
1916028 2064318
1379038 1507446
2688681 2793273
1375478 1471918
1742216 1863835
1270500 1403474
4876227 5062857
5844735 6327092
1751997 1869512
1384419 1494573
1343578 1472063
1688895 1805261
2215454 2330797
3387419 3484517
1266444 1364190
1702876 1845872
1218601 1337875
3561819 3680832
1143390 1259485
1476960 1608525
1720145 1842126
2729812 2931983
2498569 2913889
1500912 1629146
1689293 1812651
1625563 1742620
1060460 1155262
3058790 3172741
1777755 1922241
1695845 1823393
2450602 2562766
1632339 1751100
1699164 1816442
1635762 1778087
2636466 2746677
3116774 3790095
1816826 1938708
1290474 1390256
2167698 2381734
2785392 2880214
1683724 1794779
1480497 1597952
1956308 2101416
3461947 3578570
1943453 2076972
1232604 1328338
2632027 2729372
2476702 2597207
1532906 1641740
1159237 1264238
1215107 1339891
1353240 1439373
1708187 1842973
1216707 1311310
1106654 1199588
1292399 1459962
1434172 1537773
1244661 1355285
1206543 1319855
2550327 2649965
2610208 2789376
2352612 2752424
1404376 1514398
1186512 2807711
1297429 1398481
2557516 2652296
1741606 1844940
1231745 1317076
2442489 2545267
2453791 2987103
1281094 1380218
1758346 1925976
1126966 1212531
1455026 1554548
1935486 2129657
2873225 3108672
1113754 1208747
1688567 1939917
3354151 3470002
1781972 1902956
1442953 1558657
1646792 1758172
1385485 1797145
3066132 3152481
2055915 2346321
2537607 2639490
1418513 1522467
1232799 1341032
1444063 1564745
1879205 2079011
3527489 3795589
1422979 1531219
1319509 1411388
1412858 1540293
1342259 1448068
1776047 1930838
1183117 1269259
1311183 1402576
2029249 2247241
2592822 2788737
3739665 3879966
1457866 1548592
3153886 3273075
2861638 3280352
1355346 1461079
2597236 2689171
1140633 1259479
2811895 2900874
1153420 1246157
2871929 3098016
2339363 2646225
1355042 1446879
4056532 4132565
4078487 4166087
2553544 2598567
1776318 1935724
1139074 1181125
5338155 5391776
5554305 5595974
3320162 3396994
1259382 1302044
2102918 2176854
2738492 2795279
2379034 2438717
1540735 1654211
1870121 1944815
2351531 2393078
1223882 1296011
1213839 1257598
1183084 1221399
1388515 1458092
1294098 1334043
1165752 1208256
1998478 2036429
2285079 2763410
1864386 1991279
1518355 1625360
1399426 1522523
1188479 1310369
11882834 12010245
3002619 3099458
16773689 16980130
17024635 17494272
1454678 1551328
1793622 2339667
2992590 3482385
1465249 1562705
1614895 1754151
1230459 1349960
1173430 1279680
2116497 2377161
2786773 2893812
1104943 1201245
1240027 1337616
2274337 2364367
2876160 3034282
1370300 1465464
3717736 3767459
1298649 1352175
1312905 1358914
1247512 1365348
7918590 8033842
7990671 8121188
1823856 1941333
1140843 1261085
2387413 4667634
5537006 5638062
1740135 1877606
2011603 2111371
3094314 3209031
1596984 1708013
1420935 1566476
1178668 1283118
1338190 1442532
2388187 2479810
1978393 2609748
4463141 4561552
1174965 1271436
1102165 1197896
1272006 1366808
1848703 2060450
2682086 2894629
1613675 1729944
1342386 1437397
1906790 2079494
1670613 1764782
1425870 1522928
1207957 1335978
2286468 2506405
1158544 1255082
1937795 2132143
2799183 2956441
3312714 3411481
3494549 4538465
2101253 2199434
2633831 2763702
1390356 1480835
1191043 1282688
1208309 1323357
1751709 1868827
1766796 1917622
1353806 1449868
2817877 3055246
4830214 5027462
5352250 5572265
6604838 6722180
1263150 1362195
2534005 2626588
1695280 1831716
1230379 1325876
1294031 1394804
1434060 1585724
1248840 1361008
1178931 1273784
1178942 1274582
1397339 1490136
1628898 1743054
1141778 1236861
1537042 1673574
1926914 2077857
1164414 1260948
1219765 1317259
1681151 1823314
2784162 2883574
2259372 2824776
1285025 1394812
2370066 2860396
3978629 4106843
1804003 1927154
1339247 1486143
1402230 1495332
1295494 1389308
1592553 1704018
1390007 1513054
3104790 3208415
1182018 1285072
2065241 2273568
2105208 2206513
1299931 1400302
1338859 1469667
1281541 1386913
1242674 1346153
1982440 2300747
4797534 5334112
5122864 5740128
2510273 2635895
2588291 2707619
2695780 2791816
1393702 1513457
1746599 1868043
1203295 1300552
1365084 1489190
1927840 2064932
1136504 1232119
1104318 1201170
1372850 1478086
1186112 1304236
1338790 1440208
2008562 2147450
1541178 1715045
1312944 1656619
2864548 2962800
2036010 2193255
2307644 2429336
1226463 1342045
1117210 1243998
1703031 1818177
1487321 1603852
1412958 1525586
4159655 4359571
4819882 5052941
1550704 2439087
1289700 1386382
1229808 1387938
1661753 1840243
1243055 1331871
1236059 1337280
1171197 1285811
1240186 1325824
10888746 11878515
4611403 4760353
3187536 3624476
4093881 5042437
18926476 19132090
2623289 2714496
1654859 1762306
1094556 1188005
1112854 1205866
1231598 1365678
2387446 3051750
3164473 3257379
2055234 2232846
3900888 4303299
1095600 1208141
3868204 4298774
4666980 4784762
2139296 2380305
2190522 2907663
3710586 3806666
1966476 2335209
1628305 2189487
9725923 9888606
2871600 3046991
1666177 1788214
1232575 1349565
2031014 2126914
2886997 2980622
1582353 2275325
3113995 3210043
1814531 1952819
2383912 2581341
2088746 2523936
1202883 1296016
1236367 1340267
3300225 3565161
2132732 2660783
3905434 4655545
1517432 1650605
2541391 2634296
1910804 2028166
1301326 1420031
1093234 1213594
1198236 1288921
1694586 1862163
2304629 2695944
1348884 1460608
1875314 1968431
2790147 2992853
1649606 1763987
1739435 1861956
2116032 2281221
2502183 2728503
4581466 4692022
1268693 1371521
1233569 1329521
1274169 1382601
2092352 2543410
3527376 3634242
1468947 1558673
3461410 3568385
2773222 3443372
1638570 1807513
1232559 1326674
1316028 1410791
3549197 4008696
3541114 4854982
5714758 6020332
5942778 6157447
6341868 6851045
1944539 2073501
1195843 1281823
1147441 1235013
1248683 1336479
3004500 3109192
1441797 1535905
3211342 3334822
1915926 2136135
2489008 2595802
1111167 1200918
1450894 1571775
1218849 1310947
1215634 1339507
2548049 2652972
2543353 2994406
1495006 1596331
1152332 1266002
1146605 1272608
1187105 1299658
1466511 1572536
1769413 1909491
1206295 1320878
2425072 2605129
1220964 1315580
2991240 5270767
1265914 1420033
1249971 1337463
1229139 1333995
1344638 1456864
1218804 1314945
1674217 1776244
1339871 1512429
1412930 1511371
1301720 1392588
2380865 2466240
2622562 3095449
1151781 1245521
1270154 1361719
1257871 1399007
1174841 1265867
1785949 1962705
2596362 2792586
2826620 3307749
1130000 1225538
2291984 2566538
2924007 3512639
1563178 1704986
1162802 1261510
1448721 1665723
2929222 3043886
1758909 1874209
3491579 3692494
2952545 3621782
5034483 5145533
1964760 2059065
3240525 3444880
3025625 3439556
1070330 1167497
1461432 1551803
1046606 1139322
1585464 1699367
1535733 1643109
1176692 1290303
1151601 1425819
4330770 4423210
4422919 4563776
1876939 2068435
2294476 2721349
1808185 1986446
3665935 3763715
1353489 1483873
1591059 1725602
1251670 1346343
3354785 4100459
5661546 5831656
5309519 5803075
2791391 4730846
18807608 18900750
1230124 1326747
1235648 1338839
1205754 1338766
1463046 1561789
1265161 1364950
1524878 1636355
3031207 3119920
2546666 3078561
4210487 4765562
6120647 6273707
1303153 1398703
1204059 1312802
1064929 1157587
1196578 1320074
1380786 1474073
1375907 1472708
1280881 1372988
1119670 1207862
2726208 2898422
3211952 3837553
3748793 3870605
1764527 2013039
2556613 2661894
1655137 1762947
1162329 1254127
1332274 1446136
1356023 1725781
2714740 2808411
1433299 1560377
1543458 1681664
1245407 1389769
1565783 3797392
5099321 5200089
1407075 1514604
1105623 1191630
1143049 1233507
1856357 2392413
2398765 2839077
1417713 1504017
1166111 1268076
1359529 1473570
1823120 1953269
2758988 2849828
1536776 1662671
1186881 1273645
1110749 1204736
3221391 4685061
5192588 5702724
1546454 1950324
6107056 6223747
1924308 2020379
2916374 3154726
4225966 4627085
1394177 1537916
1640494 1735003
3137711 3237257
3994576 4278120
3556600 4014975
3764087 4652101
6446779 6630980
1118067 1217245
1563481 1656541
2140934 2232186
1360705 1463114
1256760 1401500
1187281 1289254
2407157 2656044
2389432 2996043
1145456 1271327
6335802 6430148
1303605 1390610
1403339 1522668
1183447 1294771
2206023 2418345
1188697 1285366
1314400 1416422
3894310 4218117
4411814 4509634
1679991 1837800
2123751 2695383
2636928 2743596
1609041 1766140
2793185 2913728
1196559 1470422
5673833 5825436
6325146 6366456
8243968 8310539
1216234 1275524
1100215 1139047
1960648 2391164
2733624 2830352
1300554 1414858
1447191 1552523
1732012 2207362
1792608 1957818
1754462 1915287
2833526 2940459
1549588 1666671
1271375 1378686
2448930 2550150
2444498 2539709
1321220 1421887
1368532 1548180
1896956 2038452
1257624 1361319
2471136 2638000
2156936 2576860
1145756 1236654
1331519 1423195
1196599 1284390
1224230 1340997
3310821 3762898
3864216 3976136
1631949 1745229
1398262 1535611
1852566 2101567
2628486 2803351
1977156 2186817
2610683 2702886
2737515 2828776
2142320 2284939
2195838 2389857
2726898 3205994
1401217 1533999
1702945 1800930
2323551 2462536
1889427 2079714
2227693 2340393
1396240 1532375
1632598 1857518
5650518 5865032
2535309 2713710
2413913 2903383
1829766 2005864
3603829 3910495
5040104 5607700
4700161 5511355
1140485 1255290
2638696 2749926
1456490 1571135
1201856 1290383
2629867 2685131
3544321 3719381
1134699 1235880
1848608 2311330
3316923 3411157
1223185 1314571
1350811 1435698
1130718 1222796
1622740 1786120
2937353 3061145
2251964 2435206
2010327 2416576
1297557 1386251
4209889 4247128
4829888 4870641
2254363 2292760
2623770 2691502
4395962 4437117
1268766 1377088
1130478 1230315
2470282 2517750
4028760 4068154
1650067 1736855
2578122 2759593
2741825 3257029
1490831 1765400
2821991 2936815
1189566 1291127
1924386 2038731
2854244 2957835
1199151 1324299
1082331 1183633
1232943 1340179
1633220 1759589
1138297 1253023
1693054 1795351
1233736 1350560
3658678 4350923
2487639 4335654
4199352 4306870
1154076 1269616
1607564 1716379
1178453 1282985
1126833 1209374
1167039 1259349
1573235 1716391
2372910 2462601
1737135 2438143
3102951 3211832
1456668 1617582
1102899 1203887
1179522 1294499
1142615 1233274
1115556 1235012
1470548 1644240
1508079 1621778
3866973 3962038
1152537 1268816
1118874 1214373
2911658 3107093
3129895 3279561
1855244 1994415
1298232 1397383
2003757 3883850
4365115 4459045
1227297 1283839
6226422 6373323
7074429 7522356
6618444 7564630
7211711 7305369
1240974 1332966
1392179 1528432
