7810251 10122535
1868458 2073591
9126421 9166296
1132097 1184052
2595222 2633054
3326549 3356218
5612582 5637934
1357086 1400477
642104 668409
807368 867817
754558 855835
1076646 1138004
1876965 1904642
2839577 2867569
990617 1031476
1746110 1799971
2708990 2759248
772361 854738
816842 846959
705002 782498
786705 838489
981534 1034389
2681026 2718948
2166307 3587205
4174674 4219912
10521768 10554109
689227 738378
667307 706910
417091 447284
730316 769343
2072683 2107346
1419840 1444261
1860625 1905525
2401932 2456086
3711238 3764135
28733301 28777459
1315298 1391249
709963 741030
1276144 1302145
641208 687738
466343 535256
579856 623312
4247982 4295421
856068 918586
724036 772168
487478 524618
711657 787079
603624 663045
1785363 1828050
583277 626730
625906 685556
845166 884019
840256 888002
588378 612618
544519 573854
454914 483324
3845805 3890023
1894279 1920343
3820847 3923016
2251406 2338288
516463 549761
4318597 4386146
608185 655668
380192 438230
1040655 1097343
1009512 1034268
710375 754169
709820 737530
743315 782019
940084 1016709
393946 438347
2850723 2966995
902277 933709
1888183 1917217
400783 448418
784528 828752
1035557 1056886
1179356 1264806
1831151 1868722
427892 452529
1316920 1342619
687468 729221
3110548 3181508
468060 494310
375083 403320
1048493 1077360
1392635 1445069
1050121 1075906
1352427 1401698
2635924 2661322
538409 565839
675704 726715
1219715 1294204
1656770 1681918
1626949 1652530
814540 844685
417004 442565
609462 670707
773583 798129
1871109 1913955
574243 605893
696815 739264
2897390 2995333
1595391 1747532
2013948 2036527
352736 378910
394647 418926
386616 429498
402085 439286
516181 554096
1004345 1052385
8176901 8227556
828070 869759
648398 677776
834161 868497
422570 451361
1037262 1063376
1314746 1336766
417807 468393
438180 464608
842562 892919
584382 639469
753212 811310
626223 751001
877559 917471
406582 455838
359203 383259
725042 757388
1733597 1759824
2276127 2300807
2779724 2820377
523035 559302
833170 871769
607059 638540
855659 968473
802649 829810
805988 845102
649662 719819
357174 382202
606581 633041
1075209 1104386
2768877 2806923
527321 553266
454373 479848
828421 870851
747633 778058
664859 689402
938119 963030
795159 826625
1449982 1475092
547698 572212
512866 598306
468014 494532
6527539 6553085
873551 935874
1633145 1682003
498294 525229
418734 443599
435786 463341
542326 591237
409709 458871
549259 607397
437009 479522
435613 460265
704112 748106
437485 477617
459679 510125
578989 637364
2540603 2571642
2896470 2918581
1962238 2003557
4236877 4300268
578439 608190
1734681 1759669
821896 860760
623595 651836
1218196 1243479
588196 612973
468659 498356
442860 467667
515371 553405
784657 813935
881468 931479
802011 826902
2938088 2979442
3954847 3980527
700273 764688
637788 662796
612775 642140
488109 564936
657815 731122
835502 867374
452973 478373
472960 529504
618066 688441
513777 554280
575239 637074
503749 528948
629954 668515
395000 422657
471397 498064
669406 707699
3078448 3110697
3746073 3799113
527928 597393
669931 725469
2437110 2463063
8213342 8239042
4435141 4469808
1479457 1515771
2260462 2436740
492063 518486
914694 979793
1644539 1673106
1028902 1200503
901447 1010493
670501 695031
2543521 2568596
727638 777041
4789710 4822978
5791113 5814096
6383772 6412410
718856 748879
724803 751900
731505 792266
488375 513609
591313 616342
499257 525515
563087 632418
2191784 2262195
781330 813959
422444 488809
465089 490547
6272229 6319631
1038528 1114292
5180276 5229242
15454765 15478118
15950730 15973462
501522 550284
577910 607173
618686 683589
442919 476161
1976515 2003315
378722 404222
692185 763028
411417 458925
769117 795622
1323409 1364175
382146 405635
844542 879591
1572323 1599564
3505933 3546561
6827353 6877267
7498366 7525965
856546 927923
1669865 1699781
1009068 1043441
1999194 2053589
382637 408723
700374 960592
396621 431890
657253 683947
392480 413547
2624978 2763305
680503 732318
392028 430652
524443 566485
568708 596402
1396780 1419546
627886 670698
626768 651716
4356936 4391807
616524 640594
2120792 2166064
728206 789854
8636737 8695902
449048 470341
345457 366773
713514 734441
546266 565361
377932 399869
581969 616197
370741 393412
2567112 2586182
674916 710499
368766 416275
2620658 2640463
684755 705772
463926 483269
502901 522921
620533 664186
500319 523437
2397389 2450127
2925536 2943938
748250 780544
386612 408986
488468 537424
908691 1038866
652273 691986
335659 357638
817427 968875
461466 501234
3986415 4009447
399799 439133
853477 889652
539202 564020
572338 593900
536636 558079
2604039 2623795
405643 449249
1482876 1506388
517288 565637
387213 407497
358177 400487
1344868 1375103
419078 464081
846325 882686
403601 449160
459860 495054
345963 366352
655470 688339
554631 575333
1526266 2113201
481049 502587
728235 840151
464667 484806
4233670 4294556
1316248 1336085
340881 364789
593789 632664
381831 415616
442398 466623
349126 372690
422314 445141
1278928 1375260
1322292 1357007
770220 833232
1040671 1077142
2738409 2811139
900410 940112
4224185 4255749
1126757 1203661
649927 698683
467250 499161
461541 508826
515872 541179
2790197 2826602
520262 572345
374454 396909
496620 536746
699528 732154
921781 944607
1433213 1452483
440730 460584
373784 422552
369388 391745
4357722 4395358
597151 653940
606854 627162
355295 376186
720048 830870
2159020 2187190
2525124 2545090
3437010 3486234
1971851 1994172
2513284 2532281
669538 696991
1763076 1821925
609072 658137
478290 535459
388985 430740
453325 510712
571782 593588
438672 458837
376951 412520
733656 793504
560591 591740
399073 444401
499966 519322
521621 561383
361273 384581
454913 476942
728787 764749
1993684 2055175
611407 677591
1055612 1152517
659038 700656
926452 970907
1347755 1366354
951410 969296
528299 561072
352778 402431
359097 402081
1485722 1502258
694182 752536
574687 598950
617121 641601
1500003 1553440
1063901 1093171
1681655 1720680
380330 410459
1240736 1280485
507433 524690
1737358 1827009
425692 478299
775056 807068
678258 707769
1789752 1808722
650072 676333
451053 476061
739659 757146
1436573 1455184
567488 584923
336986 355190
496082 515541
401162 445273
563464 592580
560954 607095
3385301 3413196
341074 358531
688623 713590
1948760 1966433
387373 433478
346121 380117
2527019 2564141
1619571 2161769
1418006 1447827
1793660 1842722
525357 550825
1647757 1666797
1221776 1242108
470957 501933
479099 563213
602429 620548
391896 411176
658624 676931
2244474 2312747
586057 614866
575693 606638
342214 360788
593784 619282
587667 606940
892831 984445
809283 850306
858334 986417
476409 497703
419864 440417
902638 972497
705109 758727
667576 721463
737700 769750
1071023 1240072
4864174 4885645
807726 840722
391453 437190
589037 636086
737458 765010
454666 522476
695448 725887
1694144 1714892
1000324 1024294
447708 468379
2709682 2727900
561278 605466
889470 909187
1365292 1382704
649595 731566
951995 993671
1176433 1232877
1212356 1227944
335093 371353
1077388 1094115
714517 732443
1017665 1051725
622543 2152492
1059979 1095742
752980 816069
747981 802848
3161439 3192481
433004 451216
333653 353869
1639231 1660044
441203 486740
641646 659453
482167 504004
483774 522883
757182 834216
451007 488285
933981 966064
1653224 1697180
1692776 1712654
676126 715412
662984 683600
462473 481336
2805829 2830654
733492 751801
331340 349814
487242 505093
958507 1015170
437386 468989
433480 489193
513783 531260
393490 411689
393929 434960
464739 488073
372963 416412
543602 567353
461432 504729
711074 741671
1149584 1296039
698640 718303
488386 585259
2133543 2182160
418887 456116
447887 468552
564257 593924
1005109 1045304
1734286 1753810
801357 835625
557439 579221
547740 574265
405277 449776
529565 547979
753869 834668
688311 769065
393294 428788
4116994 4149600
502837 606902
645039 676964
521694 544614
722403 753105
624347 646675
849708 897705
1337166 1355018
2470456 2524369
384363 423216
629617 664082
452568 495834
651039 710154
1964130 1994519
713741 744915
353587 373074
1164564 1183012
825121 891901
671682 722608
543900 563457
964148 1015129
1500419 1519104
2885639 2921605
1276912 1332695
1836251 1876243
2912544 2953141
655655 675196
2067644 2084286
2807461 2824667
631637 668387
597197 639228
448877 485057
735853 796388
789537 927900
1037423 1067636
1602436 1646520
5202417 5223933
5274022 5292292
6189676 6224367
3085861 3104064
1057904 1113985
1828905 1866311
2998660 3052385
723377 755153
674850 735254
1222939 1279361
1857713 1876668
373519 393075
343420 362416
8646718 8666514
913468 988112
480152 515960
1687759 1719561
3030828 3049234
1157427 1189296
350556 369452
10166268 10234802
1462945 1524764
705632 738799
379036 422750
1809917 2378969
386299 406229
892519 933187
1341343 1363904
1034172 1078391
2128797 2149018
573102 604182
679527 737974
2079714 2098710
2601041 2646025
671124 714734
468029 494425
1496391 1515377
900542 921599
5717555 5736328
1138223 1280227
600634 644121
2989489 3023624
489222 508884
1279833 1335838
892628 967795
393014 411311
336653 354438
925862 949010
4559530 4594798
691464 782148
450481 489050
798262 844645
728686 747804
1259599 1276570
645893 701188
371700 406823
995912 1039892
1366301 1430419
583099 601929
804647 836038
1234889 1280705
931131 967725
1658211 1701887
601123 703103
809075 866041
467079 509367
960291 991656
377663 422995
598420 640422
606852 638376
368837 412747
871881 934688
612811 647216
452485 488906
422076 467591
1022717 1124030
770056 811920
622503 644127
445493 504866
3318839 3339655
635619 704136
633969 694334
342889 373421
488627 508240
621423 639382
600741 658998
405826 425662
582864 606083
903926 959425
739822 770392
3391575 3565049
694664 725463
611785 644011
608306 627671
532228 553204
684455 718419
391815 437178
594687 631087
732799 789195
505829 542265
367311 386235
2893558 2924026
653259 716652
560449 579387
2128646 2151715
2753983 2797418
643048 711316
375783 394436
3552004 3585828
935603 1006752
1500793 1517918
565554 596773
405114 428424
973487 999510
1572439 1589967
471225 494526
493123 539462
1435026 1506791
4337970 4366361
5402822 5446196
435923 489094
3314648 3345472
4373600 4392777
431411 450478
817944 846039
605183 630323
432181 479956
456842 476269
560127 595253
394060 441232
370734 389189
661365 696122
750532 771918
1385646 1404008
786243 820862
657390 688050
565091 584360
1475864 1498273
900835 929266
520897 568856
1725451 2271144
699283 731097
491368 544639
505875 527350
556985 589449
412545 455721
742514 782838
704670 736999
507858 527728
681412 712263
1098432 1155394
1029760 1129675
740309 765300
522275 543378
541817 598434
1705077 1768739
398182 418429
949901 1007152
493858 516103
513706 557456
2108482 2144575
1098660 1131523
1777122 1796915
555314 573773
691794 722234
3869628 3914148
8511073 8530615
705985 737456
520306 564774
3380935 3444927
524409 571135
479631 520512
1158765 1177897
657556 678756
471107 490868
620937 678125
509186 532002
1354096 1383650
1714288 1730916
505880 557810
418183 444474
1301375 1322306
1410343 1450092
1714612 2277610
3385836 3436028
738473 772345
369242 387945
924352 953553
610615 636310
425880 444676
420991 440826
360230 381601
655892 684959
914276 999678
427613 461748
1104514 1167032
2176970 2198146
658683 722532
718271 825051
964156 1065091
667005 686110
583315 621121
610362 650212
577353 640014
765300 799977
653514 710114
486679 506407
673406 704102
491458 517805
2839083 2882493
621040 651733
666915 698054
583509 637148
539925 570780
1661680 1713591
356869 392343
3073218 3108137
771221 791987
341992 362099
507954 531926
625267 684125
1656736 1710531
480772 527504
519260 538882
1389598 1408299
544514 572424
1855921 1891789
470985 528502
5250536 5273828
343374 381160
662625 716171
648351 711518
418030 455367
748770 774026
396678 438327
470408 519674
550779 573559
440784 488501
430665 456427
1585653 2132849
630071 653563
1256963 1310869
455967 493776
887518 919890
928570 996160
1739576 1784547
406663 424990
641258 673050
729516 752194
563861 628869
721274 745573
926897 998319
2620138 2640030
719220 749393
644857 699680
522374 560659
1339798 1374300
354185 372589
337469 357376
750940 771058
430502 448635
979416 1041256
585439 603748
1052257 1095880
582233 626564
1405165 1455499
401018 419616
829090 855322
958513 977954
3078798 3097054
9560745 9581486
3038120 3070713
426864 468376
514547 552067
1066429 1106011
417864 440000
1112698 1141776
1081380 1098949
429890 483417
671706 725671
343420 362590
699126 756113
1051670 1108518
506887 544405
586769 613766
565210 619938
589896 617331
526735 549432
419161 438642
367835 387132
376548 422340
1825794 1859921
436151 454890
314675 331867
617303 668566
421133 440008
458044 480856
755523 791094
617580 637177
641645 671680
777953 808424
413863 432891
1649147 1665868
1645688 1663616
556833 600680
820347 839187
2108879 2126984
3940990 3959504
599528 618390
540618 588896
608985 664036
679203 698271
1708822 1725846
1303656 1425379
597793 650359
378839 421022
475163 493361
366028 387081
336080 352983
494069 512685
781946 840917
787327 818403
400404 418854
512728 529234
534860 554642
1156289 1214483
1675938 1693554
2579534 2650877
441040 477782
423067 442308
2613215 2682616
601877 660535
348237 381053
492513 515105
1428640 1462252
654698 675352
671736 708713
390185 430692
530494 550092
2852302 2928591
513141 570482
791667 847045
1759252 1778866
857896 893164
1087544 1112353
485052 504015
630234 689715
384578 407720
369922 416305
481001 500824
1004040 1040338
808109 840059
387259 409276
1450661 1469791
692788 766324
454155 472766
605419 691070
681312 700216
1009855 1028439
2933072 2956657
2355049 2375667
604563 638627
2997616 3128431
619271 715624
643793 665692
724992 768228
547374 567285
615617 641817
843605 865604
1434642 1480275
2321810 2355545
792247 881817
467495 488998
815381 868137
465244 483858
1363894 1407066
1682086 1698838
439599 460752
1622431 2148763
546300 566983
428740 447549
1154732 1186281
1034655 1146573
838650 894690
1239466 1271207
1947599 1969692
782772 802021
1355790 1392513
2474429 2493098
2975235 3011143
512555 554117
706013 736318
364593 381705
4423871 4455593
5531493 5551354
524583 541898
499323 522121
1793362 1848907
2531857 2589288
2531829 2548280
3159560 3191834
717220 746444
4887251 4907811
650063 683098
806713 826984
2690706 2735717
374722 395874
671668 712257
372708 392570
1267946 1303306
712167 735655
670767 700550
394482 413264
1010288 1042850
540804 570895
1238374 1262859
394702 413384
566406 594288
577268 595537
921327 1007810
5112702 5129540
547408 567396
464333 485683
971198 1002237
398057 445239
1573710 1594447
1848640 1865672
700429 728355
488055 588972
575676 594212
450592 492490
714281 769046
470456 492107
784968 815797
644814 677537
426778 472178
1733730 1754794
684280 725244
759224 778650
512731 556388
8594289 8649486
914144 1002760
428592 447766
569018 613923
924429 955178
584231 652399
427771 462412
674519 726095
1170056 1245076
2098591 2117625
2803029 2829678
750204 768483
1253395 1270220
921711 982532
531372 555411
339638 357786
473012 490870
776477 806227
624833 687006
948971 985501
1538754 1556373
438164 478376
2565723 2689221
3259377 3276538
1229755 1254007
1871484 1888942
7934907 7976426
795997 825959
673857 704960
1585335 1633423
1917109 1934315
2695689 2711681
2889487 2905383
474808 511379
551784 610861
4122706 4156845
507574 526397
451292 500296
892119 959462
473332 510275
1581071 2093660
401058 419478
634358 670660
2062091 2082741
2535259 2569223
551344 582795
405734 424520
429080 447479
701735 809631
395633 431117
525144 570394
980291 1000343
1623853 1668059
2612837 2630211
1269925 1288728
3919832 3940214
491905 511202
441648 460117
1969804 2026223
386604 426128
1387263 1420260
3236101 3297661
4031254 4049901
2007992 2031932
2235608 2273673
2859948 2982274
3375247 3391646
478417 524368
3316668 3417251
1053078 1073253
1577455 1653823
853986 909696
1530049 1547948
1637293 1659191
2162738 2199165
2675673 2693338
5309393 5325284
624629 659534
906228 936452
472089 491888
411925 432896
591822 618770
490250 508492
694884 714437
1553155 1573692
1337219 1467150
625683 671235
361239 392758
4125783 4156042
1315547 1404400
1735058 1753556
510565 546976
406849 437739
1786426 1804097
4753181 4774104
396662 440957
858452 878848
1416069 1454064
574950 607658
724035 759884
357775 376465
739809 770481
732533 761337
1954359 2038329
433896 472906
646789 668648
453211 471258
603912 643693
1111962 1129097
921701 975299
2976182 3007519
419752 452463
665052 696503
630421 652700
521393 540838
1709963 1730992
953177 975832
1871135 1914751
2272863 2291318
1981679 2000645
2468604 2485484
868266 934268
7173442 7207232
1837937 1869158
2836933 2862083
2673278 2775452
725036 742677
1679630 1714620
1067600 1118935
1590873 1623261
2607827 2640637
2420776 2437165
803082 870291
1269289 1305009
1758825 1783436
3210641 3266308
774280 843123
1302303 1359696
1849103 1866744
3381152 3398671
4725493 4745023
7202350 7233064
1142440 1185103
620656 653450
2228759 2249031
1012523 1031957
899633 921946
410591 456506
1166613 1225002
1815573 1860523
2142915 2178987
2844365 2877836
618965 652689
5918611 6039133
583537 607716
1450021 1473123
619673 638151
500111 517597
1243193 1347691
1493181 1597218
1922491 1940424
2592294 2624856
824168 868553
3634555 3664443
3922874 3980670
4723289 4769267
4778990 4795583
5598652 5631138
1489628 1519723
2287329 2332075
2563949 2581800
3698497 3725498
610232 656035
816822 873024
1398152 1429007
2069425 2088136
2203081 2248983
3340898 3370883
1424989 1521553
1914080 1932030
3007146 3055545
848123 881004
524281 572883
437827 456332
823041 869915
985420 1023994
1346642 1380878
385829 419739
694565 752097
492863 511391
641994 659529
648991 671987
432116 450875
397533 417630
701605 769301
969011 1025877
1639963 1656665
413578 431515
440424 461438
581552 598618
493405 540528
627551 645964
802796 875538
1149164 1183262
636028 690833
1563838 2106198
460189 494361
355609 391958
583695 631492
487082 529547
437167 456396
585009 603033
377807 420836
605843 634708
701620 732665
419265 437970
575056 595355
378262 421682
359865 377787
424341 442434
616056 660610
1624046 1642216
622725 642449
3707127 3724315
656966 688299
509418 567591
507125 525936
1128896 1164759
500811 519277
702071 738421
456318 476402
745790 828435
791370 820392
1851844 1897824
590478 622142
452254 473280
813445 885271
437626 455280
436368 456635
341880 360160
785957 810777
461327 479400
442846 461268
400690 420091
623623 652919
653799 678095
752080 806641
2163269 2182298
1047852 1074712
1680919 1697213
2571934 2615674
364565 400436
421097 454722
611545 665595
932874 1031663
1991465 2022706
736770 758916
665765 684807
632379 650753
455927 499896
1403623 1421696
2696933 2716425
3349840 3368334
4046904 4064097
2655419 2703200
713831 769220
603125 628739
979882 1059130
488103 575554
1619298 1654187
1034302 1111280
1886294 1906539
459605 494027
446433 480912
860909 908842
2811041 2841138
540994 562161
550823 610938
726024 744109
440494 459002
1429289 1446010
364283 382457
676233 693801
1195772 1262730
527955 567026
380152 399432
591207 609491
868819 892934
664434 681818
408354 444124
340580 358085
511179 547477
482781 507738
714797 773194
388840 408227
795075 831070
414854 433413
644570 680288
653359 671095
1462925 1483393
726319 762025
785964 832669
452434 496062
735819 769119
516792 536301
504661 527171
494523 512473
410342 433594
508179 559312
527725 550373
678605 714443
596719 615042
762058 854208
779579 810277
899887 918658
425056 469083
541005 576291
786904 831044
349926 367397
411444 430075
442944 460860
407708 428533
659336 679826
656002 715920
489713 508735
747215 789219
446176 464757
546302 567184
1248335 1268390
382583 400916
372592 419776
430896 466299
328681 346892
826667 862522
469440 492168
596035 614754
503676 549972
2240035 2260287
515154 562248
556297 603664
724352 901217
826913 845506
618131 667336
931115 998093
442026 461082
551097 594834
482130 520000
824255 860477
448050 467777
371989 412212
419158 455290
448790 487244
756820 794766
711456 742736
506036 559043
463464 486282
571904 615652
575334 597906
628478 649415
358456 380727
404679 423834
434671 476960
420971 459637
1935823 1965835
628632 686601
1870023 1889353
340662 358545
1859083 1880468
508495 550836
937274 982711
1241730 1258541
767105 799374
619306 667378
653046 677424
559996 590322
1054056 1072347
2546329 2564460
618678 646451
413913 460438
456216 474176
407442 424707
381022 417035
418628 454754
1314884 1333286
591522 622582
721716 746588
381473 410500
492852 516762
375062 416493
423792 442733
581995 611994
1835479 1854033
462166 481406
461213 480257
597533 654880
356862 391347
793210 812688
579224 598450
585653 605337
1432859 1453976
331935 349968
479410 575321
486735 506591
394836 449739
767847 799633
489046 520246
522153 567769
1474108 1492853
478180 513154
1732400 1750092
2679874 2715459
553727 572742
1773444 1791306
385469 403918
732559 765119
395926 416380
827565 909342
667925 684817
612720 655978
566399 587450
446102 480675
471508 488217
504175 538513
1404132 1423409
572806 603965
812664 832749
912582 929918
374133 409724
519088 539119
735110 781234
441426 482883
405395 440436
1244748 1265917
356945 423838
634241 663807
1373390 1440047
358704 377003
423753 440761
493047 511494
351466 369857
527279 578469
482356 517626
2760842 2778282
467874 486249
1842735 1897542
696319 724278
621748 666520
796483 919347
932619 983921
792737 874407
919131 989774
1450645 1483995
410217 428875
395565 430709
574504 606390
510716 556314
479345 497586
382167 401654
505136 531465
325610 344124
2460529 2529531
3032598 3049281
1613958 1634312
10516590 10553992
632302 663157
552089 593472
416997 457519
397226 428574
566787 597295
334911 354908
795854 839740
3532396 3570484
868911 992257
458088 476067
986942 1044783
924675 955999
473948 493954
1628826 1649258
706276 764754
352845 374430
350998 368691
867270 904887
1731725 1752814
2012289 2046026
653096 719341
580736 613335
546711 565543
375793 394443
356901 373945
414849 433563
717597 764273
521269 554951
511367 530158
455840 526452
383532 425774
593478 624030
882449 934351
1717664 1735891
410379 429504
397011 415973
582789 600655
469398 495336
367552 410989
556790 605936
443158 463845
815804 847003
452418 498983
1625950 1646630
603001 621751
850961 868711
476016 498284
509600 546866
5368189 5435941
450005 5771705
422549 440418
4916546 4947309
571624 602830
2860756 2879166
605450 624313
1597155 1615372
376654 398653
337640 354964
501658 519650
645429 681600
483096 501890
672014 750114
2417340 2445217
648050 711122
446872 465356
431887 464919
462218 496428
3068965 3100745
788174 812022
421297 465599
1175960 1194045
427986 449512
1600071 1632421
447242 468103
466691 491836
538948 561582
647166 666594
2039808 2060633
452914 471665
3337743 3368959
4612669 4631416
3102089 3216104
1528827 1603965
457338 478777
508893 526997
1162425 1194837
2333536 2376454
988664 1021795
595523 633291
523861 564273
1458899 1509870
1441811 1463202
579594 611091
604423 667302
692298 745105
420748 441561
452999 471523
373423 408339
487647 505163
410412 433002
571304 628503
341470 360356
964892 1007324
1319191 1338284
1360339 1492496
466932 487801
444963 463124
380376 399218
628227 645918
397222 445324
562007 582427
2602169 2621012
845673 900128
401544 420124
440173 457977
1036871 1054687
958294 972041
763076 780380
1205528 1239148
377111 395394
335973 355637
483570 502133
714492 745748
410323 454712
466352 518448
371887 391291
612843 642898
920123 937075
426734 446271
1060633 1100230
488264 507721
2953047 2988774
851092 910578
1851639 1870517
989257 1009291
1884701 1917160
2166619 2183627
380183 398822
382871 401081
478831 498664
591256 622676
3598205 3623178
743306 824488
849528 922593
768512 821520
556974 593604
854719 873231
2895394 2946329
860362 895290
1660365 1680622
414073 432768
437520 455158
1786657 1821555
454599 501318
537688 578848
586161 621942
540491 561713
414936 432256
817243 891347
1363744 1380812
876106 908158
1417626 1434538
2832369 2914777
787407 821303
673693 695187
789222 807544
1612433 1640438
576091 594857
909053 928148
1378420 1493307
375427 393548
903654 1027399
718952 750860
752284 831023
550920 571798
746062 878256
937214 1066738
2260649 2280477
1862838 2412117
2862875 2880803
396373 414298
355533 390260
674874 708441
622776 646794
583317 602415
464179 510889
654193 676076
2711858 2805429
334882 352836
836758 871016
1158660 1175220
2078291 2112692
746185 869044
884185 913577
945423 1086460
700562 755527
1837023 1862493
773557 820374
1827606 1847890
658867 706925
1287505 1306653
358211 393992
674580 694839
1215689 1234235
419325 459736
529508 552253
627569 646656
940548 999456
429900 471206
964689 994249
1780751 1799307
613524 630230
919709 937168
689379 708491
946309 968299
1490576 1507709
2476889 2493189
745929 777720
716151 746921
1374561 1395713
1836335 1881762
664583 713367
4499874 4518023
453106 471144
414161 431621
3172040 3202628
4395209 4484680
625652 679647
925991 959187
858116 900345
943526 979591
1432292 1455485
612857 649307
709110 739490
460608 486985
409528 429604
1410371 1484376
1898535 1916649
3605285 3668038
3936794 3995021
932268 1005425
463640 504198
3274232 3295683
469279 493285
791559 856610
2070451 2089364
434803 452671
779511 834738
524740 546235
517978 537558
535373 591672
2080565 2099493
447328 464928
2160458 2205628
614940 659412
2138418 2156395
2674890 2691936
2196894 2227177
3207710 3226058
5002766 5043534
1030683 1061628
455945 498044
1820020 1836495
519712 565928
855992 890911
1586387 1603997
3098371 3118319
1048078 1064859
751740 786432
2030021 2055228
4547570 4579051
501440 520499
831184 849206
711403 732032
602982 629142
1083982 1146661
490921 525550
559025 578264
683219 714585
498636 517685
1055807 1117524
1092852 1156575
538259 559303
446026 481632
348014 365674
1547023 2118847
685296 706164
832415 851520
478416 496410
429874 449882
1841160 1866703
705564 739089
1854445 1875785
356375 374520
785899 863915
348381 365552
382255 412666
615985 654617
620822 641735
464383 484337
860139 927528
713704 748555
329277 348797
479664 498196
477521 570644
591820 610706
450080 467361
440204 481870
407766 446810
1193397 1212325
559872 583447
678034 733939
422543 478187
418065 450393
337821 355937
376309 413542
646397 668856
1639115 1657158
468119 486838
617853 660204
4153093 4178921
1032901 1064908
419212 439685
586446 608269
982949 1000991
982173 1002009
699245 718953
352333 373370
1247454 1266142
456624 475672
1334752 1353395
750224 785187
445187 464179
433118 451880
592072 640939
712254 732390
599239 634834
1793064 1811932
426711 458826
750400 824336
604371 701048
747946 785683
613108 637989
423640 444147
378670 397648
369968 390252
427629 476794
529504 564964
385781 418166
430460 449278
346941 366155
671500 701573
592731 640083
1746879 2253332
495068 531700
700706 789720
1792047 1816054
634975 653408
534724 578013
660739 708425
700920 721330
616835 651172
608793 627024
661287 691784
550931 574045
919830 964147
497323 546992
577225 598761
492772 538113
1422271 1442810
339133 357438
616108 649592
386456 429119
521638 581007
415925 449391
800473 846722
462381 480249
484434 577827
5289533 5330319
873795 944164
517617 555624
827836 874676
398394 421618
1047581 1106002
571064 591213
1463887 1500137
363785 382884
401688 439080
468469 509620
644215 702397
831690 862043
402427 420979
476740 496235
502705 532007
1388114 1407561
518576 599607
613002 646900
390807 409372
529054 549234
653722 694009
564261 640491
516513 553362
519489 538513
1155210 1285139
579977 618869
876629 912405
2647625 2669847
1746173 1764250
410708 428982
569003 600972
756779 786786
4118504 4137204
484093 527775
440358 460171
1416251 1493674
1174520 1226376
1764083 1781841
606985 627719
406677 446306
4996139 5051049
550186 575744
735301 792383
629786 685843
503063 526099
1806075 1825667
6290746 6316017
482408 501214
519556 559994
545956 567330
3663965 3706755
861654 913921
506063 525276
425341 3995258
924063 943316
1467516 1505839
710497 750272
604501 633357
409718 449932
621189 644386
1878912 1909881
800387 830411
570870 589314
511156 552814
599477 621210
1675131 1694988
694781 771355
749753 769165
707358 725871
437199 459625
507139 525848
658466 712594
3048053 3066950
369512 387007
457490 474960
457228 501783
424486 464373
3118856 3155335
462901 482878
673722 693579
1638964 1656952
632878 664619
950949 971214
1458971 1475752
2289786 2331429
468634 506548
468725 490338
650454 702393
586868 605489
2722925 2742552
369231 409587
824831 855035
610521 637133
501200 618861
597038 642440
472259 490314
580782 621300
448441 470089
693611 713042
657291 675392
443821 483813
2739770 2767378
636087 681937
586358 607511
623902 669371
1635598 1654257
421228 467143
506731 568532
1949810 2072702
418672 438653
423672 459491
579773 603649
618661 685274
521576 539435
862024 896920
1305532 1323506
819668 862959
460144 500691
669447 688369
3586618 3608487
4163489 4181447
390872 413041
587114 638351
493146 511938
930737 982887
448065 481963
561599 632518
452743 495984
1725742 1749698
493268 511930
413941 455788
1732518 1769551
1128405 1291250
421373 441109
475251 504594
1930293 1973973
2074338 2095678
409143 439312
618915 644409
476398 518799
3037808 3056794
961239 1047905
1332126 1384237
452780 500944
623218 655840
811419 905432
531008 567469
504720 578756
379977 398124
515330 534142
604882 653530
1877795 1897847
2841124 2872735
5804277 5840720
832524 890560
595636 616367
515465 537375
579718 598597
1982416 2002452
907242 961024
369081 388950
502244 522848
666433 697471
691251 745477
722600 830534
417771 452802
1687546 1705273
3345330 3362645
458707 477446
580192 598075
616038 642710
478681 497713
886159 915317
3935741 3984808
640860 670013
2547975 2567159
677287 695297
540489 558470
1609730 1656648
591858 613351
387960 407775
396919 436949
582155 634055
479507 514805
2756737 2821040
465829 487430
527573 554058
452008 501559
377091 396893
1880257 1898253
562785 599768
336354 354383
465873 503880
2063086 2095536
806934 839332
532891 554723
646929 664492
368222 385946
486224 532462
539775 582853
641798 660132
558469 576147
413704 432082
449865 472772
974196 1034428
765880 789039
759806 778252
556665 587571
425787 444621
342243 361041
433346 452213
488215 542079
447891 466355
377228 415079
3723467 3743484
888365 1897752
492777 520005
358574 378474
597098 688254
1623648 1654382
655941 698968
1110331 1143091
555889 574009
424356 459710
677120 717437
1965420 2017093
860538 888476
448468 466491
614099 657456
471728 515522
1043873 1186489
507762 527205
526753 546166
2357792 2376319
707892 728184
432717 451267
2802502 2859261
689481 737736
714874 770599
926947 960652
824694 882058
351626 370802
514728 604185
1606098 1705107
1294881 1312718
606599 656302
871159 903219
1709498 1755307
351668 385417
1015500 1152524
631997 691009
615023 635818
544168 563012
410206 429334
677484 702898
460733 483457
477743 525638
1674517 1693931
495615 517354
452551 507206
1933916 1952769
664449 683897
472061 515937
1000328 1029193
400973 422549
338425 357525
1989738 2020656
584471 608356
556596 615014
573199 628249
562636 595421
637072 657970
1762001 1784350
595842 642938
1675923 1695425
730377 862444
4130427 4150377
2726928 2746450
1178836 1204017
1814632 1871578
676983 705358
1294585 1339223
534904 555133
402480 432487
366393 403172
1045845 1102007
3288103 3305584
450650 472015
446021 495277
456736 493322
779717 811141
409198 459753
423687 445744
617626 661970
634592 656407
484441 503139
470478 489159
553709 570734
2996290 3041575
638762 666198
476566 541331
608381 657005
427837 447487
620967 639563
416710 435893
870507 903575
437801 483680
516382 537716
448289 490232
3494646 3532323
488245 507021
461401 482515
1488320 1508873
616839 679292
3902465 3919665
548799 583088
3267249 3299868
381839 400992
4340899 4359907
584972 635931
462168 481173
1375937 1408379
396945 447538
753526 791723
435237 475505
2569996 2619777
819653 841929
1405355 1422849
897381 951984
518642 538985
481099 499701
516769 549502
1685868 1705414
2706025 2726963
500651 527305
421815 441477
441735 464353
489265 507809
632447 673208
554562 572515
856250 894812
1090353 1124977
1750817 1790877
642177 662068
913808 1049021
440339 477445
1546267 1576955
852667 942331
412274 430251
582711 609474
1727284 2274067
1189900 1215947
1852472 1892241
431288 453890
906046 944720
1418096 1434738
672205 725328
2180998 2215174
884961 1009373
564992 583394
1712819 1740226
475048 496763
408005 451463
571277 600182
2947699 2969172
518624 567026
514854 536729
698415 765565
385076 405298
521347 558288
659265 692177
360500 378808
639948 663651
558675 582017
381962 400332
937422 990681
338479 355920
1598846 5812833
412865 430939
613186 669137
885210 916868
475664 494067
360642 403587
848683 877603
501036 592530
460537 506226
1532790 1552156
1891732 1911563
1410038 1426517
6371508 6403532
578188 601576
805675 867232
394147 415095
422694 453130
530990 549596
502219 520036
608845 645779
540430 585649
363174 381422
835717 869836
874413 911795
476287 508634
2678931 2724066
3935715 3981439
3930382 3964669
10199393 10233364
11659431 11705184
1067639 1105049
1453972 1472582
772486 829712
1378942 1398052
9547150 9603999
769915 788214
1315602 1332936
364268 406122
640652 670807
1779970 1825965
3024389 3070227
8004411 8036173
8154237 8196191
8620464 8637301
10001544 10038381
625666 655521
1718259 1763047
600494 637659
551225 581626
1071745 1089772
11935345 11993790
1033285 1132735
1415906 1510325
1805045 1929887
845709 876021
410027 452006
604559 639107
347355 364861
9710647 9741092
959777 990122
453719 473881
609166 640688
1786190 1805334
461337 505475
408373 466824
1167370 1200605
2081670 2099602
511660 547620
1595417 1614962
944126 1022666
1724405 1757750
960220 1044768
1722843 1743725
508310 528310
360625 394585
536316 553907
370436 389275
5179534 5198357
1148424 1221586
653115 683642
6378060 6404924
1606993 1668185
404798 427196
572340 624310
1231797 1253245
1734070 1751942
2232804 2249521
454557 474258
492872 518315
1732010 1750358
528542 568244
3371702 3437354
480658 500974
622472 647270
464209 484548
725159 746070
1769692 1810118
1619696 1636068
546634 597236
2948785 2966833
4922758 4941984
459270 480618
6894952 6935803
663409 698924
1009209 1029964
1385522 1468438
888729 904502
376721 396387
680151 707088
573338 591531
5838594 5858773
459572 506198
528571 547970
461298 479881
409350 434297
1110829 1129697
588068 605312
1612221 1630559
762542 787614
2724499 2768476
784214 801633
1061247 1103958
570736 593585
479783 498297
536251 579775
479081 517912
369616 388216
499978 540266
608582 659865
504483 522247
387229 406774
468335 495858
508313 530983
4165682 4193939
874082 903011
2026971 2077799
1245252 1276268
455040 493976
368893 386891
1012316 1031094
5519974 5537452
676103 755348
776360 816555
408652 426098
370366 415487
511172 555873
422029 461645
629468 650651
355044 372481
778492 824949
1337745 1371237
2358216 2376217
692976 725104
581052 602296
599848 695061
827212 876463
1509005 1527698
819391 836171
802898 873266
1795393 1814056
734933 755640
435365 454888
819727 854610
507741 527715
845303 869590
6909758 6950669
352969 370191
490970 511235
523406 610772
457350 476967
1516145 1549929
373655 391821
679377 787465
376229 395741
571511 620698
472203 494787
829766 904100
2443116 2474423
514287 531786
1462446 1507711
1229911 1263262
813303 853830
4691486 4719449
1703728 1752332
9001928 9036220
476544 503697
1440702 1460099
824659 856327
391433 410504
321154 338936
448359 488504
411447 429829
3085577 3133125
526435 544952
788455 862809
556244 587695
509243 555419
3573560 3607333
5782999 5815233
500793 552341
589896 643805
555425 578994
481502 501863
400954 419324
1417613 1448334
575387 620537
681165 784987
461601 483781
581857 599919
544106 604801
404211 421567
581157 602046
624269 642952
376431 394855
6113540 6137316
580144 598744
454057 498671
571508 593548
4079819 4131271
456105 481428
1420710 1438955
1341335 1367426
540736 559719
391837 411504
605046 624365
468418 487106
572563 602950
561708 614786
589121 608419
515004 532662
713653 738346
465188 487573
692222 716820
511674 532185
697176 740943
1243833 1278691
2667043 2685685
698603 748134
2986069 3043018
3554897 3597058
430161 448090
814627 833611
1328242 1347548
481861 527370
397815 417706
3609136 3632262
765273 814466
587880 656565
507132 535465
428847 469315
670617 723965
814707 846454
423385 447364
624092 654386
735882 769397
681850 736099
2707813 2738651
643629 675336
440178 461718
686060 710810
425858 494838
769041 791351
485331 505135
437402 479892
638671 659349
467374 487390
1984773 2032592
416890 440291
2450520 2469799
441287 462991
484984 503706
432028 450959
494173 544778
407718 447295
669333 727060
596865 628178
382625 429423
657073 687774
701583 754045
467511 510386
917084 1051819
398131 418423
1039274 1087229
429962 450220
1340321 1357908
458198 477427
547758 620183
698207 729093
1787367 1806694
2151042 2186138
1846785 1871881
2719565 2781215
377334 413087
1689951 1709518
501296 546960
498303 517738
389285 427666
361983 382215
373994 406163
554419 606988
440963 459866
344761 363855
1442527 1490745
538055 558038
1278469 1320978
1092542 1742248
588577 609568
364106 383658
1539704 1560204
480261 571750
794765 855741
360176 380139
337651 356373
866088 900094
1743840 1781224
529017 547933
494172 512031
3302565 3363827
4127743 4162685
1726282 1746305
553477 579475
481571 529819
859584 919872
1006520 1060643
899481 958021
343433 364462
1929364 1952515
780033 810289
1449648 1491887
2743412 2776339
675313 724607
665754 685419
630210 696065
685959 743799
810878 844742
398272 443750
729650 816491
945554 976524
1801673 1843835
847725 864776
753036 832169
362384 402229
695149 726283
1862072 1893338
12290090 12338190
705614 770071
734718 792645
609339 648041
614690 641790
3375863 3404773
889037 1019976
344934 363306
644560 674788
2160305 2192225
2926575 2946506
574056 602868
627153 8433916
1972650 2002467
698570 758191
952606 984077
397722 418037
7319845 7341884
368707 387376
376351 429432
381363 401032
3805666 3828404
640906 694773
405362 423373
1725113 1748089
595083 623612
582261 660247
388837 408128
426554 461548
2081360 2099970
1212905 1250193
3471794 3488799
754922 782291
7281956 7330803
408551 445660
792569 847781
364942 384288
1284480 1319810
517295 543418
661575 681037
511940 565915
430303 477009
555788 608285
958594 1083080
987420 1023300
592123 624968
536467 588200
623922 661630
391528 411810
471424 508091
516680 535977
665307 700928
450114 490894
568770 640099
584263 610031
674703 725612
2619464 2645954
485725 532137
771976 861671
591588 621129
500918 519122
356443 393966
777647 824446
1433401 1451866
396184 415800
640983 668540
834156 892396
680638 707821
587086 644020
2790271 2809443
594934 613534
419969 439473
573292 596732
413056 431077
667198 687590
421001 487436
