5466669 7340881
4483886 4565622
15310304 15450526
408915 434509
4735782 4759394
6200548 6285435
6168783 6192593
3906482 3928619
11835893 11937649
1644608 1711392
2803193 2831480
1330108 1392219
1889253 1914473
2525151 2548103
11563517 11615489
675128 739581
9988384 10018957
10841770 10886526
11729697 11756730
767120 863943
764520 790615
612799 650807
549435 573706
358908 408660
366263 389881
844084 882442
626854 676300
399387 424937
488475 514411
1605976 2290553
527910 554726
608229 644931
1781449 1834712
11195795 11223625
7765777 7790029
4001997 4059986
415490 442311
664042 723524
1385439 1414734
1323789 1348372
1590017 1643595
2532324 2568120
640393 689117
497893 528500
454056 479537
575089 620980
757001 832781
504553 540175
1586759 1638903
644808 694201
440816 467586
725518 774554
514898 538334
727981 752371
2399995 2425927
485598 510903
852220 888034
555318 602354
582434 641153
601100 659797
434916 461085
1615363 1648272
544545 594687
1494000 1537988
612532 668221
1876611 1909235
3454049 3490519
680497 730553
811329 843151
1600642 1651477
775662 819947
458949 528611
802184 831464
612777 638966
472740 561575
660522 685137
894549 932533
920075 974020
895774 947813
1356439 1395504
2623376 2650199
449461 474927
590185 636101
536434 566054
474132 499122
339798 371259
941522 1009022
721220 760786
608420 670027
839410 875404
457904 483210
1788379 1813993
536369 558983
1536664 1591115
483715 506216
404657 440972
945115 983184
689351 738554
821841 855476
441766 478877
730887 799360
509640 535070
489967 574632
872931 1026223
575162 612022
636843 661190
2032770 2080019
1056300 1097059
447293 472834
981098 1028416
540452 584998
391915 435816
522083 567133
382354 421445
367760 391343
451551 476683
663269 740210
1033333 1103239
535010 567591
443677 492655
911625 941011
491061 599246
635803 667583
696296 720566
616730 665911
1556158 1598511
541445 571651
850091 885770
1607275 1641005
535381 561482
674675 698063
493844 518242
583997 610773
559224 607661
427732 456244
793453 894076
372123 395261
1322232 1364985
473791 504623
640497 667063
474621 499895
444678 469764
1475716 1499429
2835295 2859325
2206292 2227886
665763 698176
1893252 1962854
644108 679718
2053581 2086629
591279 635303
540085 565066
1470149 1494588
608234 690462
368635 415266
542463 575384
764209 810256
687008 759632
588614 632214
788294 855893
475000 498802
615935 678726
540006 564142
406835 431390
500536 562765
844532 884009
808906 841172
539844 586673
1100950 1182122
996571 1023058
1926025 1960744
1863022 1896583
1217715 1244396
1759430 1820890
2051447 2071779
1657604 1682268
1237854 1266229
476679 501081
887372 925714
562838 594652
488469 511477
612900 650985
509397 534743
977021 1035149
702931 727022
477444 503851
471618 495462
678397 730239
791532 832000
815275 887137
1610383 1634745
535667 577475
403038 427397
562272 625453
608234 631576
520284 568414
369201 413443
651350 720924
694929 764498
1040548 1084401
501829 537734
431752 457030
681728 709256
603403 650361
585870 609128
667531 705266
365028 406169
490084 519118
2802783 2843695
723252 778392
455200 480735
464339 487028
1137988 1289589
834076 856689
1976712 2156353
2852408 2878498
492903 517345
845803 977634
7567367 7612405
836558 869418
713157 747892
455846 508540
748675 772573
580553 605495
492092 514606
560979 585116
575355 598478
1048993 1070907
4389909 4432028
599048 654967
464964 516626
409786 445136
658668 682962
422351 466381
417121 443331
389044 412550
807266 850751
478938 548820
618032 683375
1771519 1818644
725634 758342
2278205 2307021
524049 582688
549181 597119
576022 610497
510866 554481
467207 489821
387654 430319
717915 759515
431689 456636
442257 470397
1412561 1439464
842038 865322
1359964 1382175
742393 774030
371820 396168
3411556 3463606
773359 1192401
578930 616432
4329584 4355812
418731 466450
414332 434132
466079 491399
540461 558792
469314 514317
501414 540732
357096 395744
631695 660108
717098 752039
674152 769702
516328 535559
502626 539037
481458 520807
495932 536102
624958 662140
722664 756598
1335288 1354657
609169 639295
856837 898831
1046648 1081658
780974 1082416
519234 572361
1539413 1562738
345337 364272
436996 456224
374905 394085
493456 515713
421257 441246
514366 538133
733541 768737
819244 865458
1168534 1186356
924742 942866
1768491 1786898
1826676 1845709
799556 817374
855262 902034
1961373 2006713
1209331 1377169
836046 871640
901151 1029166
441867 461431
447317 466386
1450335 1468713
762860 782031
449057 506101
521238 569656
2746271 2765130
730516 766489
643938 709298
391529 410930
896812 920293
736391 760002
408897 448356
508879 556902
576589 614681
398693 439496
333642 354120
655686 680868
807039 869808
664892 690618
1571529 2114829
543842 564114
507374 547009
589962 627324
500994 519863
742373 761612
1021864 1037842
604858 634186
946179 982112
656710 706710
526775 546244
474110 515683
475847 494606
455973 474370
1282928 1303569
826142 903802
423295 442192
698366 755982
676466 763598
382471 418117
899343 921786
1237195 1274114
771571 790611
1797294 1835093
2286346 2328951
360537 379700
462201 500388
1352458 1374688
623050 660828
341978 361601
595573 647508
584829 603952
823969 842163
985566 1008503
1002306 1019419
776117 800752
2594300 2628627
397916 415892
832121 872385
420640 465407
898222 922561
500017 584726
1616194 1634575
618076 635685
422213 458065
909097 928510
831338 862733
1609457 1628938
767082 830555
496548 549414
586186 606470
710058 770529
604851 636709
461793 533354
619362 654809
1062241 1079440
561136 617153
785757 823160
4239882 4288265
547945 888738
485138 514039
2051726 2105773
542461 589015
3832185 3873674
704513 754740
446775 510043
477935 548484
728286 756778
513363 535396
687171 716125
465539 494626
551733 602514
462363 482071
591206 612785
362512 399591
557515 576656
1402794 1440849
849045 893357
357814 388462
704712 733643
5045379 5063457
667457 685254
697759 716569
363620 407974
573366 591226
522032 539439
616548 634532
473238 490694
464573 482449
811132 840704
361843 382978
371970 392295
459851 479487
451846 470332
586474 608549
477040 524459
537278 572292
445554 465791
592761 621699
2560356 2591021
633465 685162
524201 544544
5754052 5780290
802047 856504
1746445 2299360
823095 866302
1411975 1443910
1192175 1209410
605224 636507
2086457 2118475
476316 498173
356987 375945
547418 571074
556474 577768
535816 587958
667144 686849
472296 555422
392445 410788
457539 482898
612541 643633
737743 766862
440378 458118
797649 880571
479406 516482
633437 662115
443121 461594
888593 1010156
2028927 2074329
528790 574281
818291 885077
2365499 2497234
766161 797785
618483 638611
661919 678673
601876 651617
391991 450568
631247 673539
495394 512357
418247 435012
4104700 4133513
730849 758573
2688073 2709297
1161604 1212158
703043 755234
403731 458850
725303 741689
5784897 5801583
6040134 6071826
6958349 6975120
618656 647430
1329782 1381946
810067 865322
841693 896483
515829 539770
414572 431474
579909 598313
940149 978769
2258129 2306410
2969322 3002548
465381 482602
658900 713659
338853 356104
1854808 1894361
3130422 3176463
2350392 2396944
851752 923671
607167 640063
672437 701173
646778 675678
408205 453766
857625 926694
10037020 10066918
5715743 5735432
8274321 8290872
8931649 8949003
1433036 1450576
8794833 8811180
10435936 10454176
816312 848110
380357 421817
687014 715754
3111397 3191594
4244255 4285388
684465 763529
410161 427306
2691376 2709077
399558 416644
413816 447627
690138 719855
949111 1087610
543543 631551
990841 1042915
725885 806097
726602 746363
603833 622238
516224 538000
576230 594466
615714 633018
551834 569266
489319 533385
473735 490265
643937 756332
728359 755243
825221 905695
431104 470260
529116 546334
372545 392084
509735 597883
441023 463133
1110738 1130512
1396779 1413503
4279502 4303523
723637 777834
354885 389155
359827 427862
1085727 1137272
1685289 1702737
351007 370907
404086 443376
5321859 5344471
6197411 6220596
457011 478691
771661 839666
375829 398044
376020 407586
584754 647360
568820 588411
649452 668158
617966 659624
2847842 2869383
5557133 5600345
388848 408498
716849 772846
399225 416051
550138 584025
474724 496119
473204 513142
457239 498612
646997 683768
2087077 2187686
956878 991479
1308713 1339686
2769406 2807977
2745502 2762196
1875380 1896369
566348 583894
605407 665863
532705 568999
445845 486902
474969 493647
345728 365967
384069 405782
548808 600700
429513 466494
748975 785793
414890 437466
768960 827757
847668 910282
1660026 1678163
680716 709415
688585 722110
2593884 2648975
543044 606678
2091406 2124712
4702762 4741782
414560 432884
1525283 2057307
583580 621465
482195 502739
545027 562798
549030 595798
332168 348246
1286009 1311394
1695755 1713529
544744 622448
542419 558827
337185 353884
1844018 1860100
486002 510658
471152 490547
514394 536614
962314 1112502
4493777 4519553
2713279 2732363
459025 502904
538441 556701
558619 575697
996986 1039378
1601683 1647015
357199 374977
616346 644775
656504 728267
604398 652670
2636326 2654483
648324 668309
362967 381232
1225004 1267702
473524 514115
513626 548218
588178 607641
415932 455095
735999 764015
494305 546036
482036 524341
1456426 1474369
510209 548164
483851 569284
653606 715937
350753 384231
470191 509844
587965 643428
2829800 2858992
680379 734854
970369 1007988
559281 597437
3058510 3101855
771525 819004
1514466 1550508
1240146 1280352
507394 526613
631226 687167
2748983 2804207
720625 756142
636926 682142
539608 557277
376460 398799
476691 496903
512945 554432
854945 872216
679633 713898
399265 419380
2941241 2970013
910139 1034844
456657 474906
519462 537370
514200 531682
672003 692880
477175 496611
414654 457030
413727 459267
825019 862001
829976 890779
812603 842272
669851 689392
438699 455835
1951967 1981861
450966 468479
545093 590525
490662 509350
953228 979699
460548 480808
1489839 1510931
440951 507769
398579 434432
601702 637492
509731 537999
1528053 1570491
995900 1024400
2969798 2991246
1720413 1738297
551164 592226
373304 423894
518148 569256
441363 489215
3845752 3863096
514614 533639
663545 691081
477260 527419
589865 618630
340657 370048
6889501 6910613
1260060 1289844
448158 466144
461546 514102
338473 355349
435489 455249
518752 540628
540661 558313
566381 589519
681501 701070
448033 470325
1761480 1807278
2500104 3000811
630957 655232
440824 458128
788274 845897
1286824 1347861
2021754 2058157
496668 518856
1659517 1695771
7094092 7118877
502602 522355
931537 984496
1363473 1388987
4243774 4320262
680234 705582
546717 596173
441308 501798
657648 705585
749742 794414
787488 816361
572397 592114
559853 614852
547721 568027
602510 622583
2787823 2808658
352623 370626
477393 501165
2761952 2784795
654080 702751
580751 605573
853138 878660
2210305 2262150
513133 547418
467284 501981
608681 638775
673983 691146
492973 576399
3440961 3467339
3102193 3128539
819169 844512
587500 642347
445312 480503
331476 349346
672011 689726
1620088 1667782
532680 551437
1607532 2136409
2705530 2726120
617309 644784
812101 838620
881046 931711
621517 652764
518459 535991
2140402 2158497
2375757 2398414
681039 740420
377559 414188
374500 393462
861726 914893
507084 590022
402568 434238
2417521 2502749
3128815 3168552
8498162 8518165
898422 985490
466490 484283
467229 505781
1548817 1578891
1926806 1943228
2591533 2607851
2831279 2849163
714040 755495
378656 398014
672497 734967
364353 400567
495745 552736
804747 833837
474136 516823
552527 571671
720147 744964
439259 461939
579371 634071
547076 583359
580907 609639
1705020 1722535
471892 540156
535263 562635
589955 650131
751297 771598
392748 433262
454808 492069
5332093 5353208
424707 473847
665313 721392
615715 633445
464678 498370
622817 682958
644734 670601
420546 477842
1561466 2107819
3152849 3189037
574045 591948
2059363 2078439
4463377 4494378
399804 440103
2603171 2679933
1097818 1157683
2776398 2805411
633027 651567
475686 498815
1721496 1738735
560829 580398
747271 797582
518525 543592
997065 1013557
465058 503388
892123 954972
359781 378592
388457 424554
490196 513960
1007177 1024620
1494980 1511012
410400 428512
1783272 1823319
564031 581414
422545 459869
603640 628138
558331 583395
586645 647668
614685 640541
546773 564341
686519 703540
2656790 2674024
381017 424901
373351 392715
453723 515472
794679 843026
363415 382798
775198 832449
447146 481687
1440900 1492169
918152 935213
2211318 2227535
3350831 3386649
750963 793953
439054 457014
409406 445018
376602 404699
1871912 1890498
357739 376122
393489 442252
916852 933988
1127423 1142770
1202743 1231888
422551 439516
453177 475549
2137910 2163565
3197172 3252447
624261 651623
417759 437336
361711 404683
419139 438447
1712698 1730610
483366 501311
704786 728950
407410 425905
679997 739960
683267 713177
634836 654068
535213 579618
2674130 2711195
511382 528623
348955 389851
641523 658978
944803 1075184
495825 514583
385530 423671
584748 613477
563543 591590
668224 693858
448930 493802
425879 446860
1883755 1902230
364261 382263
653149 671579
925517 977421
974136 988326
814768 844310
703841 754458
405682 425776
521963 559663
644471 662422
431843 465578
445562 505640
534717 570343
350050 392802
450479 489536
618706 676293
505831 524001
556009 575013
663975 720749
1255071 1328463
1321326 1350396
5126336 5146609
1023394 1040160
3093495 3123754
7710932 7728664
1031606 1061414
579850 629765
647115 665488
2565709 2588266
409007 453820
457816 475349
573058 592679
660771 714161
2631384 2650445
454245 472070
910973 956670
436428 454449
469516 558756
2907472 2928093
3913900 3931774
5150432 5166814
1504475 1638893
1631924 1645889
784854 818665
914507 954309
605403 634484
1815665 1866420
1403949 1425461
397066 431766
635116 652890
634402 671555
404582 422328
573683 591248
446774 472789
549363 584762
693809 764384
470628 491716
1650804 2176098
980531 998478
1186711 1202849
518265 538129
430311 493254
589498 625284
750857 819112
1975671 1993772
2876133 2948278
6433246 6452373
4893816 4913052
2881562 2921028
3330920 3349545
4037657 4077212
4916667 4933964
5697845 5714832
8654937 8668656
9276386 9686802
1370958 1399142
497661 541447
484816 503280
1839932 1883674
507153 525116
563345 584890
508132 525757
510857 529826
3729154 3746591
4955211 5011727
1827928 1884485
2026312 2045299
735402 760347
1788156 1808157
1113330 1129170
641082 681217
904320 922570
746037 762366
567274 609011
726324 753381
3184303 3218306
991901 1032373
1814037 1849128
2374444 2391115
2547322 2563257
3235061 3277433
511973 537001
523830 541896
676428 706124
522012 613980
1042518 1072177
363471 383263
673296 727977
7173043 7195109
1015699 1043765
2603473 2622569
1643710 1673949
2798514 2815517
3747689 3792795
573294 591591
830162 859930
506828 552066
599377 669706
1541982 1559703
548213 587987
401377 419388
473754 491665
431411 469637
641917 661568
2937024 3024929
550839 599956
451755 483523
474646 495529
622459 639680
556836 622878
1735586 1751328
468031 487597
662942 680095
842899 892593
500900 524570
698475 729410
598786 615849
632895 652663
651435 708226
847208 975180
377839 420461
688725 710123
4228810 4272621
1750577 1768128
587566 605425
876808 953345
687325 716066
2804417 2822726
3988174 4036615
576616 612629
398889 417019
450381 469138
736043 754171
2386307 2404913
6789848 6806436
756502 835216
2690031 2747106
3861394 3898309
1605875 4380608
820386 872228
495455 517704
411940 452323
652140 684942
1768350 1791223
391257 409059
670581 737896
869110 931297
463514 482212
401343 417671
2217029 2234878
512882 530235
587415 746675
418292 455072
371079 387681
462406 493192
848911 889237
1214335 1256861
1821753 1837895
1072207 1113225
763789 796705
3736454 3754668
1095353 1118621
1366641 1384433
1294884 1415749
381052 418780
745261 815667
1033389 1123817
598039 637532
764176 853610
2834927 2854101
328927 346914
594420 612512
770495 812791
475110 491840
3398191 3414074
576946 643506
1190012 1247417
838136 861160
465892 485099
618609 635347
1146032 1162770
601815 625815
924930 1057017
603282 622232
910163 951574
3005636 3061824
623819 644995
707703 737627
939757 1034212
595786 639282
501754 521850
745423 773265
481986 533881
591075 609994
550592 570143
702217 759757
2140862 2159121
557878 586544
386727 409306
4390958 4416805
475849 566696
838493 860076
394067 412021
540371 561123
393250 437684
700534 722390
4377854 4397686
359308 381335
1287840 1353123
1684224 1699867
531998 549624
517125 564883
1319676 1335925
1595808 1613567
392253 409119
1813418 1842484
791701 842653
740993 759215
1284148 1301680
725670 744566
440864 478859
425458 442238
603728 622763
512084 551948
630942 648467
561233 612130
2495455 2559167
390593 424988
528846 547642
748358 767337
1678535 1716412
920540 971879
571000 589560
810016 855668
639946 660051
11041666 11068663
3241085 3281361
658197 676871
521446 574574
2692044 2711699
422304 482189
358104 377224
397290 413170
462938 481743
605957 626640
463193 505571
643632 703712
2895989 2916754
490310 541813
959741 1012266
715861 733869
527278 568417
347042 363972
511018 531249
440544 459680
746069 774530
3176821 3265364
505769 522312
871830 951998
650609 762298
724889 746618
477093 511200
1379602 1410746
563927 582543
1633243 1650687
637021 694021
935648 1018399
531781 555880
721484 748864
561167 601521
710588 730000
363882 381244
563433 592969
360159 380016
453675 498196
717686 759569
834184 884840
770196 842666
1268016 1296854
539860 584944
768506 789930
2794590 2811870
559769 599728
807711 825594
1094788 1111282
3240409 3291309
582479 636732
549541 569463
550424 574441
412470 453572
462207 479560
374055 390827
623736 653472
753770 772790
531649 579228
589418 612797
528249 588703
391265 410226
477699 522193
919967 947051
405867 450152
440888 483162
462446 500171
1554033 2079493
440314 458159
541525 632582
4112972 4168151
560250 615461
2127562 2145194
507550 553734
569017 610262
509267 529019
508677 531335
1723530 1751889
533011 551065
472406 542631
2824631 2868049
702529 736205
886949 913305
2738589 2755421
524797 542739
374225 393837
604919 668762
450340 467818
478756 514978
750867 781124
707541 749965
359518 376755
654512 671710
1556885 1575397
625294 659026
385854 408975
354456 401328
724948 811853
596801 618262
656469 716495
5370422 5388302
489346 509127
577192 595961
1480415 1497035
446090 463891
447558 467636
703997 722300
1572633 1590379
428308 446706
748332 778428
691592 709597
377879 426685
385758 421692
552850 600182
470229 509681
530373 547703
565755 600925
1750599 1767326
809074 890697
886420 915315
622482 640853
382494 402019
404197 446835
607571 627440
1780786 1802375
578167 596153
616372 634104
455007 498164
3610755 3684992
1003925 1104652
481888 564142
2743775 2765184
528088 545329
563266 592231
751211 837456
397669 434382
1970580 1998151
454525 503434
813785 861183
785410 828744
349819 370353
335472 374581
1128647 1144421
363089 382227
647718 676715
347893 392184
441365 462834
2057913 2075170
672873 691748
661997 717228
657328 674272
1089451 1109007
400273 419659
334590 354890
429419 479022
557589 619577
916432 961105
745752 797547
711973 732149
570696 601482
2065713 2111703
619561 671684
351446 368664
1847529 1999502
1733613 1749572
658069 692645
483368 501178
494780 514627
414623 432855
702609 733194
1630074 1714184
1638648 1654606
2351032 2383214
858376 875421
2950155 2978913
568617 604250
421740 439039
437587 471162
427346 444896
782930 846584
362485 379446
400534 418850
409499 426805
381953 413543
1344983 1362511
572829 612777
1405159 1444573
1648022 1663730
2199237 2221630
855225 884406
411659 463418
336893 354704
583554 602770
744085 761605
601191 617788
792638 835403
513006 533039
473742 512400
473157 569893
2727266 2782541
653600 697488
703796 721898
405407 439841
607908 628844
661786 701359
614023 633844
633963 678831
491811 529770
437519 455353
940804 994212
424335 441828
597724 633613
392990 429293
657867 676186
462650 500578
371753 406535
570669 588983
773579 806371
448199 465748
799125 857465
568095 585616
341021 357616
602877 640589
632687 666578
803377 822072
1838341 1854663
514376 531653
866476 896196
1145174 1194784
2033888 2082145
762778 833055
355422 372074
489440 525382
577512 595329
1509288 1541769
492070 508383
474532 519727
341897 359245
636061 661265
775697 805458
592107 618054
438630 456803
406150 446144
643673 660943
1076399 1093584
462387 479509
662210 679832
429491 466827
397978 430429
655403 686069
334739 351835
435192 452356
366426 408471
1715499 1761665
490400 530557
316801 332399
799032 815285
1452755 1482022
492302 554949
461121 555500
353131 370623
1499611 1516553
909592 928297
483817 501560
1061802 1080741
1874029 1933693
1873665 1889152
4269589 4298378
815951 874516
2229618 2269902
2529356 2545463
461216 481269
1341941 1374820
7128506 7150108
571905 595193
528034 545113
1829592 1852450
841896 877024
630580 660825
535169 553998
1465211 1481860
676263 721960
419623 482577
503596 522102
460968 509385
1042021 1114178
400907 432841
552023 575838
645891 674867
703759 732565
371651 418353
439794 462594
372925 407308
1092935 1120721
778041 794645
1587250 1603489
1110158 1145843
575913 616339
602822 636130
647768 678489
424863 452848
717770 794457
1996334 2014648
1091339 1107854
1103855 1143915
518436 534816
901345 917283
1110474 1142888
771328 801616
754312 847790
1340638 1372013
1443831 1472477
3869503 3921250
4187597 4228485
4720814 4736169
3522600 3569001
5517481 5547269
6588905 6626183
641125 672850
518964 553455
3327838 3348904
798018 830003
518444 535087
593446 655953
517201 537667
1009542 1045216
1211722 1229639
5742955 5760140
658014 723936
732536 791086
8565444 8596354
549696 603487
466069 490929
904566 963821
2134089 2262136
1982888 1999271
716313 751275
375606 393637
1822742 1852094
769794 798273
495935 517845
1566729 1623132
497955 521665
1711886 1730235
386056 403905
838790 902270
1933855 1964891
1067166 1115146
1761549 1804851
565398 594432
675333 700367
403737 421401
653562 683647
570834 599655
765692 809679
368824 387611
1004612 1086036
1771825 1821284
2891565 2920232
990032 1059486
2070798 2089115
2548377 2579660
598954 630956
598832 633424
541471 600938
552376 571908
647939 680620
413668 460958
511074 533624
3487189 3566861
1328387 1346508
484202 504290
425805 445573
714939 734691
370693 451126
598803 653826
388369 412259
471677 556421
3950910 3978894
664488 698273
797451 816075
1111416 1127710
504071 521952
374078 415450
877735 898442
1471432 1488825
2242153 2261445
656481 674362
426036 482885
661195 719718
638397 659274
388656 428897
423203 464302
458398 477881
690553 711283
640229 660689
424582 442172
401070 443286
1349443 1386720
659358 692161
614807 635227
400498 418282
668436 685950
667584 685085
480140 498339
1290073 1306767
510628 527384
420702 438833
643196 694925
818052 848569
713277 731175
634937 679226
420988 456942
475577 511902
510801 547941
374616 416633
381723 402847
450451 495811
499189 516946
1039643 1068902
1039461 1093389
2494603 2560039
405705 424207
538964 556601
484457 500731
572282 612029
329939 347976
477464 521674
591168 616767
3627070 3656493
685735 714563
944265 1074935
2819883 2839634
480455 497831
1461454 1479140
375498 412721
435048 453109
561482 578956
519153 545532
696924 724434
469359 486772
529840 558445
1505230 1525181
667754 690654
2579585 2606017
327132 344750
430139 447228
356684 377138
581170 598626
638813 666593
423753 481643
431831 471178
637934 666616
454763 478956
2180233 2229990
455633 477087
542001 580126
946340 985222
1636349 1653136
1828309 1844317
2238748 2266451
2946756 2963689
861694 882252
538191 574515
499022 521188
554649 577957
902272 919981
2769042 2789004
4064571 4081475
5384205 5436071
636342 715244
403560 441108
661172 702601
1007076 1041804
698624 752905
1811033 1830658
453066 473020
2585194 2604186
3293675 3312195
3791238 3807765
745951 797431
471311 504713
3156867 3212416
673592 764122
522878 547845
749799 769232
454691 474287
617077 634851
394639 414251
482863 550354
797384 822820
708709 726299
686553 710114
633272 664219
678332 707005
1664780 1806951
2450603 2549924
3404138 3422571
681339 701304
1068425 1095759
1697291 1715125
685454 733275
889522 1014734
945099 1088062
447328 465482
703499 740397
458464 477692
636202 654312
1497663 2001144
980547 1008269
1631005 1672296
2664264 2682404
588125 644294
755233 809187
374690 394969
475704 558270
553974 570714
507358 544528
956360 985720
1399314 1430989
1867251 1996093
3269901 3382340
2755582 2806159
611549 635707
2951977 2970351
573632 619766
357661 391683
619568 665939
605751 634147
448051 489561
2016071 2043732
618608 646538
600116 617517
3921567 3950544
8013711 8034577
742579 800958
386283 423093
466161 483312
743583 772531
687173 721378
2012065 2059851
886136 913254
1605727 1622220
495506 519373
642461 670680
835635 864271
1546831 1564953
526999 581180
495541 531952
759838 823549
338471 357044
644008 700989
525391 547558
466011 483717
410836 452944
884454 914060
1134732 1180176
1129642 1146346
757872 789921
697423 733302
417210 434242
469846 491897
463656 479308
654144 670508
608044 659803
4260577 4289457
651148 719631
472690 512527
412932 448103
389553 408147
452939 507226
874311 939398
517981 536961
880128 897579
1142880 1159007
1191346 1219903
585615 611979
501847 522170
605244 649592
711934 740205
1117537 1185362
1017734 1044842
1650779 1669000
347409 366201
1284499 1300566
506562 556665
554386 600176
1751110 1774467
610107 627911
943944 974491
374666 393071
513941 531585
565349 590003
480353 499715
1196086 1216052
1462924 1484732
370256 387683
398812 417226
633918 662163
3846236 3870094
722285 752930
408531 452088
424899 444645
515851 534558
465521 483945
744626 789350
562105 588863
753394 799068
1726949 2280011
624737 668330
380014 398166
621168 638760
459161 477072
1424328 1444728
389988 425957
522787 545358
709303 727357
436318 453611
566182 595263
707260 735661
546367 564290
598660 659626
336657 354397
616016 632481
645975 682414
504968 522349
930204 1004452
419146 436344
768605 798910
605928 636388
497708 590880
1583829 1603300
653712 671390
406078 444808
513171 547534
990340 1007798
655418 672868
898726 918868
676236 730599
430039 468689
1072490 1095136
1337520 1380540
2479747 2498818
3164759 3182430
400798 463153
629812 648095
465143 505487
486413 510748
913151 955299
468747 486278
348348 365592
391460 408276
906440 924263
1214667 1231313
811478 829462
1583389 1600058
440280 457595
391870 410828
702160 731631
1837592 1858586
788142 806813
379515 396980
581285 626948
363885 381671
357196 374808
495830 580717
603362 639611
886006 956257
786281 817229
686736 706928
691919 722378
455053 472678
1362394 1439316
2322189 2342925
362129 378603
643759 666737
1334792 1374469
1528531 1550584
1019260 1125128
659016 686714
2003423 2506908
2124181 2152545
3020113 3073610
1103373 1120238
1456798 1495882
889817 906632
1320062 1354192
968167 1004721
656167 699400
748102 770647
517725 538466
690896 744070
954103 971377
700309 716991
1631250 1664456
4396752 4415959
516512 533285
830475 889660
1063059 1134834
611367 670779
853124 911030
1964562 2053547
390479 424370
407436 428410
399740 437688
379284 421505
1642584 1677603
2570643 2588394
649106 705325
644675 700357
814456 873310
456606 494183
512632 555182
412930 431191
391271 426704
509174 536374
537426 554290
626016 654858
4123839 4153727
2862038 2890242
545179 572026
968926 988904
1558766 1600642
1093748 1121966
2083496 2127342
506423 530906
559156 578691
507967 525891
760096 845109
735140 792234
837459 900186
1309135 1439466
1245380 1293697
393195 410859
2611737 2627870
428470 447210
373896 393358
597651 617767
2400682 2460703
2998404 3028659
765304 868324
376339 394088
577002 611884
361707 398008
1513952 1530867
1027268 1043694
1047640 1132256
4313688 4330749
861688 926495
657551 687015
598548 627620
496465 515766
1109398 1133145
1840681 1858244
825628 841843
407825 449957
585392 613489
2410347 2455253
621035 651100
570088 601526
7151382 7181391
6245446 6288366
462082 500842
498767 533014
641620 661710
367182 384704
1662994 1680998
2934974 2955226
791249 821024
976701 1048571
1607130 1626478
3932567 3949867
2433399 2452457
3633104 3665610
6163009 6180289
6913415 6948949
8804598 8824446
606017 622738
2008165 2054421
704969 735344
523044 553716
1818671 1836223
1368382 1410804
1357412 1390107
1915167 1932453
2905487 2949822
1021648 1056290
2570430 2585967
664264 694279
2616744 2674125
708216 738202
857219 910085
1562271 1579623
705572 765475
895343 913456
1457295 1474252
848048 866521
1720869 1737456
949724 983124
8621796 8692475
535708 585684
729794 810580
1306537 1323528
813035 858057
563597 581212
564276 582772
597938 628728
464582 508099
1356681 1400163
566065 603578
2316527 2361771
2981196 3030574
3248345 3298873
3938994 3973219
4123189 4255148
5507052 5522384
696821 725063
693822 711368
1234018 1274613
1230607 1259216
1972951 1990277
525090 568427
391635 407993
1526033 1557904
1967828 2001730
404501 448256
2248446 2277812
1046138 1102019
552262 597138
950502 1005173
481832 515781
468207 486168
2500957 2538831
548692 598134
1640876 1658927
494771 535776
646840 674194
455273 505259
535468 562994
1109769 1247080
486285 524609
802379 824681
1331646 1349111
553303 572738
404182 423833
821643 908028
975152 1004240
773028 789835
1902073 1968272
681822 741797
598079 636498
986686 1080214
423743 466181
615303 646378
676359 719496
506798 526649
575569 603314
3005351 3032599
2098189 2117436
485777 551436
439501 456900
426028 443873
522381 550574
2186318 2206723
2772267 2791417
840830 884027
756862 787468
624340 673304
401543 418252
487131 535871
538609 560312
603651 657989
415934 433337
1748972 1767280
501587 518639
672769 701329
613145 642594
1729475 1747146
503762 527492
371581 390750
438436 481944
415962 433037
337477 355014
1278795 1297519
385786 421912
811060 839542
686608 736588
527163 560076
418795 434419
432844 468131
1062781 1132292
446038 465874
673348 709979
964235 981464
475744 501480
535356 563191
1764606 1807845
431141 465712
1941336 1959225
1815333 1842155
2930350 2949258
2688505 2704890
1061440 1078934
2586988 2628407
596333 692690
563109 586887
621253 671702
675915 694236
4506687 4533984
410662 437722
730194 751243
694183 711633
643174 686998
512902 531736
610759 630108
404708 423738
714189 768827
409425 427917
377525 395473
370171 410304
652922 673995
418132 437279
376598 394108
403494 424884
704270 791949
544545 563963
673889 725474
356251 389566
644190 668370
449605 508913
756326 778502
1181220 1202753
1680080 1720444
2101127 2118022
4173222 4193150
670651 713998
1191232 1338879
619587 645965
643617 672760
599268 621929
457370 503530
387560 407572
624130 641170
646436 697982
975609 993879
1263011 1304078
735952 757376
525210 563123
609208 629454
2429893 2511732
2647530 2736551
556903 593534
846703 874715
515118 532921
365081 382098
485350 504077
703394 726520
2821525 2880453
539429 558248
913236 1041328
418685 451479
423878 442957
800333 818048
1348448 1391192
454903 472971
436757 471069
538047 560901
815335 853286
829278 852184
460223 502882
479022 496919
495197 512783
363768 407620
531392 549042
373392 393695
1870851 1911920
3863238 3885237
4383698 4413635
2719310 2739411
6514136 6530659
528943 574765
909279 1051560
2699093 2741012
716649 790044
592967 608448
563750 587141
754771 806373
739818 769989
550153 572419
3594638 3637547
1606056 1625032
1371892 1399485
1956028 2007928
323287 354562
2784772 2832387
480688 499073
2677110 2717574
493918 514785
940422 961994
641940 662997
1614333 1633652
603108 653246
665450 722890
728780 748088
566882 587870
474389 491670
450057 469031
653234 733877
391924 429397
838553 857154
683879 705493
562722 590124
559567 609642
709586 732486
427705 444704
465990 483503
446214 498822
581258 618524
434321 477112
560104 581641
2923162 2942249
839647 868356
2693599 2713103
434610 479462
407941 441959
1847097 1865511
558580 576210
600825 638850
757483 796487
376119 412905
541521 609376
2326442 2371454
809394 882079
486932 505254
328166 347271
422556 441402
461071 477749
386656 406265
3210611 3238985
3935473 3953112
365356 383973
540985 569816
467558 484219
639847 667077
1378322 1440675
9488562 9524268
553848 573293
619476 656888
861697 895405
950026 972625
1545719 1586500
1095896 1241882
2497177 2518531
378823 395393
579442 611058
1723366 2253018
643002 679471
828297 928898
587755 619614
385181 403214
772404 795556
475120 518687
735470 789405
935741 969743
611357 630644
5346496 5487301
383083 403588
683158 762105
1568554 1587945
1748949 1768376
437689 454418
567159 657800
559548 587616
562294 610053
2344330 2374714
404411 422043
445434 461669
1249167 1267749
567100 584967
556105 581098
404318 423188
421277 463744
514003 535576
599154 644105
713516 736979
1213160 1230430
503912 537071
891481 912350
563209 580613
561086 578445
625014 686119
474870 494519
446214 494475
739156 768761
2090163 2110089
897929 914779
1321052 1371155
417678 437308
2571274 2601892
785667 808880
512967 530942
540922 558161
764635 820797
655133 684308
402584 443164
321944 338223
629064 750958
1025767 1042421
557824 575255
530538 578929
626123 644079
669662 709782
660598 703634
579095 607440
437135 455810
650402 692144
573684 607938
411736 430802
691772 742793
487305 508968
494220 517128
846565 890089
547692 589409
689224 721238
531730 575316
735606 782509
440226 468911
748352 765418
400384 419352
933113 966354
360286 397470
406202 424304
713950 745020
664991 765691
415964 466580
564665 612678
475034 493393
782512 853955
724564 741354
1369219 1393420
1964417 2098236
386132 404989
735526 757367
491626 532436
606975 644172
783246 824809
1046660 1071208
568946 594245
415163 432155
692592 721876
530350 561123
395082 455684
485424 552893
615354 652378
692908 722310
2413882 2431323
586934 649949
1774383 1792287
1077400 1131839
2160197 2202779
342643 361281
502416 521999
448635 465762
594449 620420
796952 846933
3208170 3229052
445250 462983
573937 592517
428910 467546
426191 447459
1222135 1239326
749914 767770
491018 528841
4057326 4085237
592177 619328
592631 614760
599745 655787
450619 488341
438399 458458
424228 441981
389266 408217
1848541 1867389
433342 451191
720859 778398
515898 538405
548460 603676
828164 883179
450923 471050
373071 390477
567528 585712
665697 725758
2771540 2788974
544393 563992
757194 777352
451305 499754
509697 532412
697148 725751
530876 552425
487333 505480
603034 621597
601424 619046
699897 719335
507751 553163
317503 337128
554378 609263
451114 469049
2865093 2894581
622109 671773
1256548 1273663
451705 492546
462949 502555
1316898 1335240
435996 455003
352189 369566
419751 436060
458342 495781
696434 731555
1014647 1043704
543258 594884
738370 772980
999651 1065427
2009420 2042225
419249 438521
486291 503794
1411357 1428570
360456 378505
564300 592850
542172 618012
843839 872342
435175 458004
408791 456878
354411 394288
855930 884946
371987 418365
1174576 1193319
366515 412567
747134 775992
556923 577579
661804 773819
362789 383068
440398 458311
1839455 1855789
645764 666230
633402 650622
1162307 1227647
594502 626464
701440 731469
1818883 1836920
3108038 3127742
649874 685087
638239 705553
313945 332543
3102581 3198312
3155569 3260085
6842406 6872246
460077 501008
480115 497279
1807448 1837484
549857 642410
647718 678575
430629 473852
985332 1042396
4681754 4699099
1935576 1972503
442676 496219
546066 563702
425998 462448
903197 934236
1377904 1394662
2725384 2744520
935783 994156
1169253 1222959
1964152 1980577
2235942 2251457
3243473 3278497
1525317 1566273
965131 1061443
2021548 2058924
364070 383362
638245 664454
623403 646685
771627 850048
709882 727397
463259 506424
468852 486133
405487 422980
570843 599583
486572 541673
335542 353908
459582 476890
638677 745209
760610 852063
677215 701940
398922 417666
444678 462243
338071 366866
682674 704686
361722 380922
1048785 1064693
977873 1018167
863426 880986
721985 787023
803469 827613
624406 645652
619078 638555
1127844 1144382
458657 477166
383808 427074
620269 639631
740865 757049
1232821 1248660
780171 809093
785162 812559
2636860 2652987
542554 558998
416484 432577
333732 351208
427479 471838
1351358 1386059
419390 437156
345927 378652
829310 891652
685203 711837
488255 505877
325618 342439
459244 503303
478846 539085
793442 813726
666931 704517
1713575 1769964
1137119 1153664
550018 589472
424542 468391
651018 712390
401201 444540
860752 884577
1506067 1527762
543322 563902
550966 568636
406609 428191
597307 642383
806473 834409
629117 657998
940115 968455
604603 625799
368653 385578
1276103 1319144
406979 469132
1568821 1585753
803626 845705
447332 476852
383143 402869
532876 558970
498288 515281
558434 584630
660594 702131
435226 468204
436958 495975
626811 647068
369359 409599
632634 654455
846635 893411
433657 470018
3987500 4130023
447086 467727
402095 418233
1467971 1507500
468358 486184
456398 473666
368805 388100
542022 645519
458222 476138
558613 587454
1915670 1947926
764139 821959
690496 733973
2014294 2047196
2313319 2341535
398008 432525
578937 627550
383306 401837
361146 379202
445708 462856
2708304 2735715
586327 640506
737992 782212
599865 633739
485164 504967
474640 493878
526839 605592
573684 594561
1492878 1509098
529152 554841
3295916 3325775
6123594 6184722
7268230 7285967
507752 534149
467784 521129
555360 574822
500737 527146
571702 589416
478867 536740
1844312 1872333
643893 673097
812756 856649
769209 802597
452253 469782
1840263 1857021
486618 519734
656065 691680
358356 378230
683985 730357
551296 587127
2873413 2930717
340437 358047
433983 468448
408317 443362
495925 531383
363670 400852
613018 660226
359493 399005
371714 389467
2682815 2706348
589863 614208
915243 1023639
396081 428643
602159 656661
382892 415822
2038376 2055153
877680 922472
3851802 3870238
538429 559351
981389 1118589
543081 570796
623855 653158
592715 619771
551275 579694
415476 458114
466790 485815
525168 561565
551498 570391
557334 587538
2937387 2963577
572112 591896
336247 354246
580916 601676
1215577 1235170
384992 446861
500562 521131
376107 397412
1440315 1480837
1834085 1853917
628762 655802
722642 785005
457540 480145
541434 568116
453699 472013
440734 480385
622399 677334
565429 609804
601585 626832
530624 581785
402794 424358
553587 598681
467462 489194
575644 623063
510953 556400
640999 659054
676625 712887
953670 1078081
504717 538551
5268321 5314983
423831 458469
2899452 2932210
518514 541446
765445 788724
1399795 1442450
463566 498684
832118 868662
534012 562834
2771082 2829935
570199 594130
555173 599509
354340 372076
448914 503502
699295 775470
454119 475582
634373 656523
524981 544339
391219 440966
484500 525680
3647310 3670617
635006 676396
4186088 4204827
534120 550997
505244 535537
485321 530931
665848 683380
393561 410704
484137 501377
597367 623140
411451 456097
399552 419389
