592774 628091
738177 768825
726294 778615
644762 680275
654461 684290
655834 689188
707589 736806
1090535 1205729
868285 899435
804930 835565
999066 1057351
642009 674931
701670 754047
587006 615479
500180 542505
473445 498724
587557 633774
645930 685485
572154 594728
669885 744975
636595 692444
593589 623746
487654 505407
889442 916509
587432 614986
1729120 2253675
466769 490119
668422 693904
771861 799223
639369 665164
588404 617978
622661 666316
727963 778684
760627 789587
681120 709366
585505 626661
707821 736286
701349 770194
582760 625732
669609 749695
533906 562378
552884 580552
865043 920361
714557 752630
564281 588161
540789 565214
566535 614410
656093 706814
489801 510111
494041 517816
845538 912285
892960 926027
760447 789927
725132 751350
548135 569623
585365 609828
807660 844436
682683 726876
638947 687827
616338 665565
696663 729177
743088 802157
590963 625089
600417 657774
772254 840397
571449 602463
843954 867024
731189 756980
540602 567025
632230 684901
857123 908610
524908 583474
744722 770231
653939 679893
691967 766993
585017 609113
523667 548239
1152549 1208127
715340 766243
614919 681112
617783 642969
562738 588359
757807 820362
776407 805858
619588 653648
581702 609009
817335 867240
656640 682866
623977 674252
629670 652878
648660 675738
726874 757266
1865958 1893561
723900 766781
855529 929303
679926 714371
736653 757958
723108 758383
965532 1016799
656221 676723
668984 705056
668215 695121
1091871 1231423
832214 859290
609078 680804
526834 553404
577584 609599
438379 458669
551626 601872
566830 603515
1012698 1064219
692758 747348
657893 686366
523023 549526
658990 694155
516066 547059
484649 530958
646538 671669
565109 587233
624625 651657
950757 1005638
574954 623434
658325 705817
677315 772676
673499 726389
760416 789920
839143 863115
977785 1007651
918910 946958
640313 663681
506392 531947
558854 587719
669466 699594
794898 831110
890676 997342
625287 674814
579113 614358
767126 827818
663840 700795
397711 420347
546925 575251
560525 584551
631601 655951
701403 737248
789243 819597
702281 731884
674925 703235
632795 658035
539155 566866
673503 700390
889541 914869
592978 665922
639269 675630
554125 579682
675369 728017
612508 678093
670814 697796
601487 639340
704741 751709
621062 648819
601242 653416
523108 568979
495031 544306
638858 667112
835281 865987
624350 674120
486231 509545
748997 816476
759210 782404
1993289 2021201
1955316 1982987
636313 688108
791586 820628
1940717 1971461
833204 868257
612226 637430
494292 516933
829556 856518
588273 613188
524110 550416
677151 705287
1115443 1173293
726728 760694
882699 910493
647322 675987
701436 736370
888067 949613
875299 903801
657828 684428
513906 555196
595399 639426
550365 578639
682592 723393
709237 742642
735669 786883
617335 670596
750208 780379
659421 736857
691211 724456
664547 694942
670038 700611
798287 828498
856708 911501
787470 819893
653328 712437
992275 1041940
730214 759462
735721 777855
735035 782889
1157543 1287147
687581 723407
671769 707372
750547 785473
606579 637701
1174213 1310412
992834 1079650
829578 860431
561466 593076
651861 678491
833481 859734
720747 748669
652107 681875
876840 903339
757912 788088
622937 684007
865918 899995
662508 688795
677899 704500
578324 627410
613056 671721
665014 737737
913095 947799
629149 664835
631276 689264
732497 775431
617137 643706
677423 709272
610128 686428
690366 754165
726823 757384
911535 940206
681937 717016
646201 720082
577610 610305
454637 504652
634853 695129
637089 691075
581917 611405
577102 603758
556838 593050
644366 674508
712126 745259
634145 662974
838191 885654
597807 622499
678317 744731
760832 788831
640517 694373
555258 582673
457875 481071
576662 608529
625756 659842
419873 442774
497814 548367
619306 665507
451487 488967
688625 724055
663926 688279
767639 823382
729782 785468
833165 867950
598903 646733
528784 557852
585038 611274
768276 825728
801774 853488
575883 606768
705038 730329
702986 728358
755107 780880
598787 641828
669863 698865
562261 590828
524822 551452
584358 643143
526946 550988
622152 649085
639131 673690
703454 736151
722519 751666
673811 725366
740128 788983
2104796 2139615
1178231 1250924
644205 671736
481026 503100
776782 824096
1167416 1299211
630167 685578
556990 588125
1086340 1217969
592504 642402
361674 395311
581027 620871
571946 597168
814567 841323
811339 836444
2895856 2928211
694749 719350
583532 633583
811727 840905
663457 745312
476408 495734
571643 626678
451421 484642
692799 758008
622668 643052
666845 721898
626298 673363
558147 585966
603713 631062
804264 833738
1791342 2278345
517455 538865
654230 706180
655642 689903
632781 683726
564328 599270
482875 510378
775312 823743
585144 632718
490736 513641
541823 571704
479772 508641
974414 1066795
635084 659011
632892 663492
646218 692184
577284 622231
568178 618662
653475 713686
479597 512092
463094 481860
755401 818864
628360 686513
607083 640217
531663 557302
561522 624656
606280 657033
617983 648269
739129 774562
722104 769005
706690 734825
565269 615975
597954 624166
561577 590847
608573 643576
559294 588887
581652 647482
831092 886139
594479 691494
599392 624513
1861158 1889953
627617 679512
662167 701637
1844976 1877043
677897 700718
648966 705597
679010 730461
528176 584082
484632 529390
557542 615850
680665 756341
747197 777200
650874 683656
601909 653029
537610 576109
466591 497383
608231 663571
431111 451830
822065 866300
474131 501208
661605 708872
639337 681843
544336 571038
808851 871085
599583 647550
574123 595558
520709 556304
587920 616036
476861 496041
623270 673500
659878 752680
776162 807042
737876 801445
699770 736166
592045 621942
1126719 1187518
676292 732841
698014 733407
825560 855641
689150 719585
2011019 2039869
857240 885936
637089 695422
806829 835999
754300 782821
727269 756818
699343 728992
838190 868429
612675 643142
575234 604432
584150 614455
692949 723463
654921 709808
704405 738596
790326 849456
590722 627431
595643 633674
590455 623643
629165 690923
716110 748515
939027 974640
1803093 2302442
724907 777138
611945 664773
701046 759780
773598 804509
641695 677495
1865950 1900904
665258 699661
602760 641197
923323 954775
620890 649606
838440 868639
772838 875796
806122 881647
638753 668732
572083 604294
603601 635053
746325 773934
949421 1042190
579973 604874
655724 712253
1122968 1291049
586320 609889
633530 661693
855449 918489
627797 677072
748889 809141
695485 722785
527998 556486
1135901 1296660
790376 819872
873669 939412
670972 725728
751520 780789
669467 745313
633149 659913
1882283 1911358
876299 913859
2944019 2975322
738009 767936
679405 730636
658086 685348
740579 770745
670887 743591
1069312 1125756
621180 668043
682082 711010
622400 684700
645065 709066
850728 937273
653557 707420
578130 614157
683911 718615
777644 845762
796884 863549
649243 679849
2880663 2914769
753170 782988
605465 635646
619611 675999
1924031 1954557
818272 848235
702051 755201
673101 726656
1051089 1149540
791021 844794
602614 634003
1950280 1980719
818604 850036
853855 906529
694712 724022
926816 955930
2885780 2912315
844058 873094
555556 585167
648277 708553
839526 881011
667721 699757
671757 753630
639973 675841
682502 741801
553347 613152
669895 705729
682454 715377
709494 762561
750862 787559
1173343 1312588
745864 847230
1112181 1181506
704098 758316
847030 882661
735460 765929
662465 692079
663470 693755
796862 827048
856375 889509
663383 693035
683949 739370
715784 822560
696972 728939
784992 816807
933342 1021465
658223 710928
713004 742230
761555 862422
626265 654363
662320 700267
809292 839506
566480 594108
756556 807782
629700 680914
698546 751327
733126 762349
610980 667266
565052 594481
724960 789352
1909526 1947396
641712 675640
619892 649129
781984 844253
632310 663069
856489 934943
764446 800689
901099 937573
628432 682996
632742 662596
672992 735335
827754 862066
653074 690558
697128 750144
535750 581891
658872 688232
749708 801411
562865 593218
730238 782735
743121 801041
674547 768393
627809 677683
744688 799617
668905 694771
2875423 2904855
1961774 1990646
705652 735603
868493 943724
680498 733907
709663 769003
674385 708900
609854 638965
574989 605444
638934 695232
675774 730179
709739 743665
606695 643908
782175 844424
700600 753949
830931 890926
1977156 2008118
873193 909627
638930 677270
677678 739445
654765 722359
691943 720886
1006413 1057077
1912577 2459364
760888 839878
804412 835441
616553 646624
718813 780956
611069 641517
618797 649249
857723 888139
1965195 2003067
878101 947047
578295 605639
457594 479302
561497 590178
665997 700846
609776 637178
1123455 1292706
843593 875982
2848619 2908028
786447 837477
583150 611943
728011 761173
716541 762644
763846 827321
541042 574200
645390 678796
651023 730309
703584 758164
760327 800160
541527 568053
667044 726772
659297 725490
704024 764262
781218 828923
643286 669276
534051 586620
808675 844048
679716 732023
645794 671654
719695 777761
712801 835793
816711 875063
708075 769122
618585 668488
699458 727912
705995 763693
615554 645538
600429 658610
659873 710025
758959 814461
817725 874159
649356 711383
1070764 1135136
713496 770756
797373 832301
721500 773454
631194 685065
746217 778684
649230 707806
787973 817010
544601 573073
697573 726819
617866 654771
797159 833333
570382 620329
894109 946620
748522 776471
914021 1044188
690304 718659
710620 739569
724839 751936
686671 732507
715147 746519
621413 676303
625417 679943
592405 641762
738639 795783
596899 627293
790187 821655
802507 842951
661779 718369
1982858 2011732
722647 751460
654134 684558
696829 748603
673386 719782
789841 826725
668657 748540
564760 592918
704439 746948
658359 689131
584587 620741
596074 630520
641250 692104
731779 783721
1943504 1972761
728566 785138
677311 743697
574372 605334
668144 698362
718717 748919
709011 737416
613043 665125
596665 637675
582857 619403
566214 610158
690034 719995
652676 708369
692122 721070
602719 631981
719051 764785
692176 719612
651951 679847
708439 737200
943221 971499
624676 655732
679189 737952
1754331 2241221
705730 740354
692227 724801
704552 765250
611978 661446
1054412 1108819
637632 676573
646478 669633
905615 942519
740656 773239
1081033 1131071
1053115 1146508
860803 889378
864637 894162
627154 718662
602419 663012
647993 680390
913279 968655
700886 732125
709475 769248
802496 832819
911072 940932
801826 836548
601856 639404
639346 668727
589775 619239
771886 806876
699379 750473
659163 698039
857436 922940
685697 744707
809926 855536
749885 804303
694107 721652
590932 619404
593949 640861
694821 722948
916658 965069
874158 901956
642552 703306
574224 630698
696807 725798
592955 640225
1120565 1181664
1862297 2353871
691483 724912
543144 573767
697311 736014
930165 964721
663182 698641
632294 660389
682021 713548
508099 533179
949686 999376
643685 691815
601571 653142
590781 620806
730637 828975
821680 875277
698426 755437
811924 871706
735975 837176
936677 1025408
582783 610896
872491 904456
716575 744291
620912 681647
622238 648690
616149 645210
633386 663056
571961 603426
845536 910198
662476 695002
611301 674334
614387 660979
707222 770325
807539 835839
590408 626237
821591 851826
817338 887589
600941 630278
682631 714986
670931 701507
746404 781122
822744 877759
607175 640098
729112 759152
620841 692735
1993765 2027003
731170 792849
654170 701927
611852 670931
676990 731631
657750 709300
781770 808368
588765 645813
691046 717602
435977 479966
636289 668246
1857919 2372745
688212 714279
652119 706303
454060 502768
766965 795116
638823 699414
1088708 1157030
675511 703853
840080 867799
621634 650460
971316 1002351
658200 692953
876650 937912
662237 715384
618276 656077
617654 665873
828104 881697
604627 648243
581984 628469
397224 416855
935357 979995
573798 597250
859823 909384
747532 784983
626077 683540
625802 647652
778410 808164
549224 574636
627346 697759
566385 587805
571437 593397
820852 850943
2941186 2972785
706795 786580
501890 527423
635172 696596
868353 911756
545931 572786
776084 800579
583391 628971
812549 879631
602139 632363
700604 753511
943103 996384
792496 842932
670592 730213
711369 740109
678596 707381
691497 722690
539768 573593
455210 477724
583415 642654
683947 712058
448820 470662
513839 539157
1848757 1876871
659890 687986
658395 690168
607061 666027
898899 950620
660641 695153
858743 895438
615914 644664
1065862 1101106
575961 601668
540731 568866
660606 716344
581188 605872
1961485 1986043
721612 743473
422911 466407
939144 1079828
510789 554538
706827 752967
592773 614609
518677 567035
714860 743956
514756 538684
585966 621084
574939 604359
702600 731230
820577 850677
732218 758859
460761 484448
568393 619656
824146 859613
619564 677459
647832 673869
754547 831030
661027 708935
651033 691094
658751 719620
662004 712960
572314 597055
594857 649477
723061 766464
492551 538511
412118 450570
582299 607385
682638 710932
1026742 1116259
659847 719623
635139 680533
451342 476601
626798 677080
1872294 1900190
632020 654812
666889 720697
573107 603579
525611 549506
636986 698294
667758 698458
568365 594341
709106 738505
843502 917165
482710 506861
567071 587742
863848 889172
567505 658710
520369 543409
2903699 2943795
906706 941616
576347 604210
790996 815930
1177525 1313887
561443 617038
482216 529400
526359 561489
529642 556230
706414 765526
744980 774125
554254 600319
669436 720221
667135 712844
734562 779961
567009 593156
717735 741805
621364 672789
660216 687852
1723683 2238917
603141 638742
786605 816502
573144 594911
884460 975974
558597 607301
478415 519113
2084592 2130845
972484 997780
782126 810434
495510 548195
614326 672920
636518 690500
643974 673391
511727 539720
687489 728491
803824 828929
557690 578192
857235 926244
743450 778537
555774 585746
640637 697428
720353 795708
680401 709323
665722 693548
643264 675162
729378 756956
577730 618292
632324 694813
606364 687061
732209 786677
612060 642438
904642 934297
699881 738862
597412 630479
883907 913191
665118 700178
649081 686400
800168 831583
625357 656803
818369 849757
704849 739619
788719 885747
709758 737819
666848 703456
947531 985177
644298 698346
584458 619541
735902 764935
814575 844890
689224 750473
713399 736347
589264 619790
544594 573105
793495 851732
652672 685319
1932996 1959174
557440 580333
590165 641987
599773 639748
838941 876577
543909 613660
441530 482280
578613 608185
1073164 1167604
513433 535659
528689 569316
719244 740833
623432 673285
672961 719773
571932 595302
535206 553903
719660 795719
578189 601696
702532 756509
1125990 1190933
532985 556504
468732 498504
542503 563725
657829 679162
565481 618813
747036 773728
620630 668832
1115093 1256803
1944960 1987266
805295 832442
630857 705247
594839 629785
825528 871852
781038 806350
591309 624728
688891 744879
643842 693882
537212 561990
555474 582427
716474 745253
657764 684503
608098 635671
718850 790481
758098 818794
415260 451086
1694306 2198167
938984 1002511
680649 742209
763601 808027
669089 698054
1826138 1849033
682834 712172
637531 670822
612779 645284
643476 738030
646564 705797
908536 937721
604128 634564
770963 829139
503135 543299
721417 749228
536463 571030
588811 611981
686665 720364
790902 843058
993034 1040177
539108 587676
1931245 1964128
690363 717757
573272 625086
1089734 1216896
682355 715168
796519 855373
601727 652125
1033310 1129217
629144 658902
941865 1022330
520911 545963
746532 772743
843148 891389
623202 654526
755671 785623
582630 634426
773100 826834
805100 828108
661560 690146
572803 601470
637981 671192
599764 628960
634556 693189
1074806 1201996
895504 925972
884689 933888
737802 765034
631768 664569
1062794 1176297
730987 779176
689286 717917
772800 800835
572616 604894
548298 597350
727349 753659
729458 785946
506568 527934
445591 471650
512575 541494
613383 639250
620985 655628
636593 728609
705413 733312
613503 643063
514634 563149
756443 778255
489298 512820
595384 626909
473268 492987
1091509 1148569
558397 584287
467680 490589
674377 699964
511478 539294
1825247 1859601
1832856 1867614
801149 863705
669844 698208
478165 502291
745610 783986
602840 654605
859608 894496
623942 649051
537969 582869
768967 794510
583545 642386
689527 747596
680734 712467
520390 3053093
597139 639081
816558 841025
778003 840925
1057302 1112498
807233 835878
801600 831165
2925852 2965337
527246 548942
669817 698360
506938 552036
531217 554106
601029 668957
361283 380976
465751 501621
557640 579062
639078 666595
565406 634159
477797 519592
1040257 1118123
898352 929074
454913 499935
404883 441186
491538 522265
470035 496008
931144 958765
644015 672289
748535 776992
985304 1075765
545104 572398
903263 999575
728490 828753
683834 733447
619961 645648
593348 641703
1803957 1829156
631794 662309
643829 705649
861040 932561
657201 686874
792330 821593
708577 764286
816501 845126
627916 660633
788043 843782
692899 722320
606467 641158
685428 715673
761526 825054
1059844 1151889
694247 724155
866005 922639
700382 733757
873258 902865
744400 815610
713825 744407
639071 668528
671046 723936
494184 533851
767811 797778
673035 700966
614934 670206
613690 669772
506658 534524
726684 761727
821496 847074
707862 767865
481010 514609
589352 651191
460772 484244
581037 628313
773850 809101
873002 906758
634615 713990
526314 583498
1902277 2379650
565431 617156
722516 782241
628843 679957
703522 760547
574861 619660
787793 815827
640478 704195
552948 574601
653299 673639
707295 738388
780972 805235
621951 691205
693530 723455
502122 530214
835493 897946
973238 1009477
494911 514940
2869726 2897993
590534 616406
659055 687750
679420 731376
661214 688827
753708 785410
931499 983706
663756 732699
648189 683600
680986 720889
667160 687811
924263 1010598
513470 548963
602950 629913
812961 877014
685577 712544
630032 658224
554931 582644
754541 784906
870077 895220
770049 803530
628406 668879
784107 810966
463746 498209
666798 693337
889584 922430
692671 718674
601821 651833
634948 697407
700701 753884
683496 734545
604064 648114
851515 941703
1967142 1996838
903598 930702
758021 796793
572453 600488
643881 699134
832706 866033
874451 912303
634067 665500
2000862 2030575
824179 896857
569734 610599
902064 983383
682638 773271
1831765 1860528
822729 846799
1030277 1125383
703037 771682
2134263 2164985
692540 742881
1091122 1174559
641598 669928
707398 735394
451628 475112
456479 479611
501130 524694
878668 913104
616425 679421
619594 658309
800106 837959
925178 958298
625184 660241
605690 671306
837450 873364
943592 979845
923624 961950
615134 656079
1096772 1165176
816623 872783
664747 717524
583833 616133
832285 886704
696398 735042
600168 640559
977448 1031582
758286 805643
872943 902968
780754 826517
415670 453089
615479 640567
765155 794335
685397 722521
633610 666500
514310 541191
630615 677466
467505 507689
796176 824186
636116 655224
825423 914086
612252 641885
516478 542899
596986 644656
718547 777831
618196 650864
555557 590006
515490 541874
674446 728791
550425 578055
975828 1002313
625090 683007
691837 722253
644303 672608
573439 598896
1012419 1081502
592553 650946
499395 524723
737347 770360
717547 754413
660401 715168
805181 836692
511809 538651
807320 834942
603114 653811
805269 833386
694592 748370
897992 927916
642001 695275
699579 735394
863142 927339
932642 987148
837870 892672
656352 686014
738493 790536
931130 961049
621661 688155
681326 711734
767280 821882
620142 703874
966256 1018043
786305 822996
633174 695702
672012 715556
796988 862850
621248 657526
726551 755119
693056 746326
833856 864993
592380 664758
706373 758782
2045721 2076375
803668 836549
811362 879263
632270 662640
1980822 2012024
996076 1071374
726097 756366
777726 849258
705707 758166
726851 778747
732995 766140
589362 619656
600861 631012
661989 691164
691102 721425
688117 724002
678432 730134
581727 609323
741026 771417
687447 741850
616518 671315
581540 611410
863708 892018
606901 636768
676049 704266
694802 735840
620448 676649
1970211 2006663
775470 805866
788809 818308
585565 613974
598776 658737
643356 696395
916858 945525
709261 814359
615819 650667
661089 692497
816406 848796
652594 680606
659950 689568
720374 832905
795961 828003
677711 722845
684347 717727
601663 631904
629498 694134
1955637 1985990
671075 720379
860219 889866
598706 632835
1932855 1962690
712791 744121
1005680 1098259
584509 611282
638548 709026
852888 882671
755250 787307
731026 782795
678824 709350
809513 839267
681855 741081
584483 616971
656555 697255
569325 610938
652646 682514
685122 718754
943364 995241
734503 793338
605053 664456
615033 668990
668801 700370
701719 731260
634707 665786
685446 749221
679588 716831
550810 577937
660512 718489
1129448 1159078
583428 613724
670750 718301
864918 916955
544713 569714
642698 700220
673067 701592
755904 872342
812314 883772
853494 917286
644644 691469
582275 610894
603801 651343
836645 902637
571021 598777
610290 639756
665700 703328
638878 679512
621495 652473
803138 831740
617999 646828
638612 690433
822512 885630
780360 809446
720384 751729
657320 716994
544290 595560
636690 699676
619148 690002
664606 694557
734182 766254
490127 516127
947129 1001912
1110828 1256551
643043 697250
721183 748401
904271 936978
667803 694539
555268 581596
538911 567662
1210490 1263363
1943732 1972697
2099360 2128740
967286 1066886
926302 1004886
744670 796402
617413 645533
667836 702341
800091 835843
577518 606881
971392 1018588
496216 524622
661324 691082
749483 825382
602316 665620
572514 602610
563844 592456
1049276 1118685
685381 715204
616256 651672
709183 735495
624454 653495
632777 695614
671052 725630
683419 713125
692262 721874
774054 810655
659243 734393
623694 655695
482282 502825
774006 827978
640892 677752
760790 812636
770664 862139
599224 626843
652090 687701
634558 665745
652890 688128
754278 785869
589602 614813
524645 556853
724809 763185
704661 745979
616625 648874
762758 790029
665722 730168
595718 649285
818226 847348
650768 701741
606049 680703
746129 776010
691818 735111
895581 928876
736855 770831
642526 702822
432725 455649
602354 634212
644836 669365
548471 573579
849685 880301
844390 869594
641873 671045
759978 797449
704476 736776
681096 711257
945888 1014063
578263 645118
596845 621844
711840 746378
636380 722454
762205 810294
842323 871500
719221 774222
576920 629104
686794 738700
618430 659575
584917 617735
856135 924897
804445 858433
656854 688921
690010 725801
771783 801296
602785 665692
732721 766725
586564 617344
719236 779712
980274 1010783
771164 800732
1171952 1335797
643443 695070
2885629 2918756
928824 977841
700553 730458
686163 727701
702676 735234
629083 659125
713856 745247
649758 678695
606708 634848
698075 728121
704803 729711
818542 846926
549156 577167
606856 642563
471783 496540
613027 639767
676788 747647
613848 666414
583485 613806
502714 523852
531014 562077
608804 638030
674836 726879
606880 634311
555392 585242
493038 539241
787229 834436
596293 633315
2003903 2030701
1012582 1042454
698513 730196
620842 649046
512441 539966
715149 743148
724325 749543
2788683 2812727
690956 748314
638318 713226
600216 647637
590831 634136
948846 986624
816118 884644
1838399 1878869
799042 833394
2140546 2173764
726148 763455
709841 749472
625191 678559
749513 809131
813197 873307
696437 799280
609619 643047
858995 888443
657929 685385
742918 771484
590915 625783
668010 742755
837431 866569
800051 835363
838324 870981
627181 657100
696959 725555
561964 590830
918499 1066373
678143 704986
1129814 1265830
702168 730973
734530 789618
745074 773810
1039047 1187552
925866 1051564
948772 978073
630712 659010
1799475 2314936
750439 783905
622470 693608
688340 715879
676981 705436
613465 643848
621707 674157
740696 769784
760243 885696
587175 621097
693449 745560
602172 666073
499703 524620
924732 1044572
923994 952476
1049318 1188492
629573 672035
1996649 2031164
735501 763693
816564 866305
623110 673145
786259 836783
640432 668028
653176 683593
634042 670834
649651 705160
914740 944404
705394 737830
799276 850247
679953 734832
788002 821947
763015 792958
768055 797327
680555 711869
862351 890481
670274 698626
567101 596576
617056 647806
651346 682249
687446 774807
502606 545751
751479 782369
696293 730493
702419 751350
653018 682440
543686 598688
676075 723950
697853 737868
506585 552332
885105 919714
1070082 1123241
939274 968880
596595 649728
915119 968428
634860 668818
582994 618240
856536 886966
642102 671506
862939 921822
649057 674405
735811 816744
835786 891610
649304 699936
705442 773589
576437 607297
842636 908118
721346 748597
736470 770377
645391 674553
767890 802559
767522 795069
650601 682708
703969 757677
813974 855046
950165 1007510
791954 820795
1885774 1916046
724583 753418
562708 603280
688872 750282
1885374 1918417
804477 864154
589314 610726
1985254 2014035
994741 1022559
675926 730472
481349 506943
752894 790401
635469 668824
668262 701587
726987 755308
929883 958792
637172 676628
659007 694846
750689 791770
718392 744017
813251 845072
666143 718181
1034202 1095766
573886 596681
672933 702257
999652 1061861
1799420 2238916
837050 897966
648106 681685
729919 766638
648965 678011
604814 653038
796560 824920
652115 677498
616882 653804
924653 960492
630766 671440
758253 789038
623553 653599
1069064 1160725
710087 742004
683853 713897
823051 888478
823560 879962
692350 729320
914179 971890
847090 882777
693066 753884
747230 868897
634070 666163
727330 755307
862117 898213
750989 805579
674042 738459
693206 735309
690702 719845
742818 819285
689667 743724
603759 634035
654346 728559
600887 660710
883165 911889
753498 780756
617687 643249
792926 848522
659888 688197
597406 626144
650190 679201
678468 708516
770635 805615
654716 684837
604783 638767
659102 688457
873138 899078
737180 767467
591170 614851
674839 704623
631774 662019
940207 975503
2169551 2207519
919819 968502
952410 1040600
765082 891802
580166 614405
715124 775892
600565 631921
756139 788237
704811 738947
690497 720155
661326 688474
731140 787841
598237 627972
814078 867348
713307 744086
623097 656461
501117 526311
646650 680858
940855 1024296
720249 772000
1828236 2308429
886699 918408
1879660 1913479
873975 926337
730934 792056
808111 879828
975415 1007789
655850 682895
840254 869578
603879 628625
687361 716396
647667 709127
649864 704592
644867 672203
651783 680012
649156 701105
610858 639273
853495 911295
1144946 1205988
658273 722276
1030468 1100376
721074 818337
656364 707115
646898 703018
502455 532405
534531 555286
667396 746585
713951 764874
523712 547742
773374 825664
645855 714318
683932 737928
763165 791202
692379 748343
545472 573685
585400 653951
629086 663839
865553 891082
763670 793918
655946 685647
465996 492299
863038 916014
607816 682607
605713 630901
807931 845405
588399 613006
676415 701906
688289 789286
724796 784057
757654 844709
1001216 1143443
954654 1002651
752332 789720
602508 635420
635314 667869
567365 598602
789095 817967
676019 727944
3430640 3461322
914579 994673
634893 662388
903547 953908
885750 916084
768564 792006
550769 601481
708715 735898
807759 875353
878426 943793
691111 721263
678730 712281
954454 987093
555017 581970
706248 735624
676114 728841
750967 780816
571547 604290
934841 987108
622866 652610
568618 608305
780415 810137
700675 749144
666788 713512
609504 677339
934730 976119
603730 631258
1925663 1952926
798039 824695
792329 823214
574811 632148
678291 706429
1947806 1982948
811314 880130
725393 755090
897396 955559
571229 607431
756061 787737
667229 722237
1920559 1958638
580096 606888
634095 690054
757653 786529
655315 712310
690255 743057
707440 740637
676069 701150
962369 991797
914063 944934
686078 719829
587046 609580
680256 743370
750781 811279
695537 727726
691177 720730
795192 850069
589361 658986
703434 728673
637542 679548
693290 722303
791155 865320
722974 791823
607712 637763
741080 837787
526929 555459
792541 820656
605671 650471
778658 807722
653913 711145
677083 710174
797646 826322
536815 563461
672032 733245
815889 868158
753646 827351
1130794 1275497
529654 573068
660605 693240
760782 791763
626840 681066
863123 893434
703355 740776
589816 623513
770552 834395
656122 691708
665009 718960
960862 991915
766756 797216
612815 644202
696912 750520
748176 781808
990620 1046899
691950 742299
919719 984468
689646 750866
1998283 2027611
740949 793021
722227 758118
623092 675257
596140 625584
1188224 1323211
661233 713809
648503 682839
769236 804606
531804 559824
543522 582391
1044028 1141335
637326 666274
582834 618667
858214 928470
662474 712444
668345 721627
611835 648725
1031793 1129457
708264 774294
737162 776762
868085 945062
572982 606526
2159984 2193131
739015 777476
654794 684021
633896 687055
778092 811309
674666 707119
823615 852268
1891093 1920389
1044499 1112691
609915 640144
744383 777614
727021 755254
871069 932549
644912 709501
2014987 2043762
805475 834503
735181 771594
663431 742579
733320 764218
646990 689818
688918 718512
760986 802975
594731 659465
749013 777087
637893 672865
670093 703908
600027 629553
632944 682778
786694 815674
609373 639013
655078 719485
710060 761811
710607 764400
676201 706215
1125636 1188934
733205 785050
630215 666657
602937 632305
558971 589340
2135522 2170002
841348 899050
781558 828606
1985097 2013875
783410 819239
603527 631687
660985 707784
700503 730014
740769 795052
677169 730254
620089 648650
889473 921913
887720 917606
612573 641503
937757 997866
953721 1001026
932304 961037
815930 846560
703422 733624
614861 643868
833250 888162
692747 723538
645188 690234
642133 702129
858985 899284
691858 721591
628858 658270
585066 619512
759512 854993
694204 740445
746111 801132
595006 645881
814561 843051
718946 792926
743000 817169
1973424 2007591
1017523 1045689
742373 771799
726571 787436
608693 665533
688387 721138
1192030 1332807
688703 726726
690138 718270
929367 959396
703785 736885
690933 743951
861402 924040
830011 882471
883218 913615
709728 760904
562687 590902
781109 810070
747041 845559
680834 758074
700023 757081
864980 896819
684518 735664
589967 626046
1165793 1305555
676394 708283
802084 834535
745642 780780
806930 878045
792084 833600
692144 721616
687428 739711
703896 733090
647197 683774
634483 704875
627934 675267
869555 898980
717498 794180
720406 749961
689578 719422
579189 612381
1882401 1912081
789340 818261
597436 649208
638692 667021
618098 671551
777456 802556
1994763 2024773
851808 928107
1952691 1980281
1043419 1169163
2884274 2913324
865135 899212
870483 936767
691389 718062
1110758 1194251
794315 825433
716586 745765
680157 734290
1894776 1925211
1251685 1318903
659305 718562
646378 676415
584791 613592
680327 732509
678994 707352
620585 649513
569045 600054
609599 638665
771023 798742
721785 751824
788601 845327
643819 711302
708022 744495
756268 785127
696797 728623
663446 744764
680046 709597
922520 951565
625281 688754
683536 717864
625162 678697
905842 936992
716984 811481
639367 669853
731662 762110
633170 666969
733892 791776
879207 913797
2977336 3010115
792554 821593
610791 641075
653004 709698
2092568 2136093
753313 816540
712110 747070
560971 592878
978428 1037623
604936 655029
607669 655484
653133 718254
656547 687115
689684 727064
806711 878767
589599 619164
649609 675928
703320 744252
589650 618772
598400 626401
517493 544572
588204 620843
811620 842081
626026 656575
873186 927201
1176151 1233557
811104 841010
940707 999060
833660 867466
873908 903334
587001 643254
1095394 1257678
652891 683281
1058545 1151361
476841 499366
621869 654311
1799135 2245720
744739 801713
900022 938876
858981 890539
644673 680212
710127 774000
1118306 1178967
818565 865796
625116 646101
1207958 1344213
1874612 1915245
630590 685929
566488 593821
663690 692181
1883455 1916745
766425 827290
619869 649008
742499 772191
832659 886390
721216 768317
636208 667437
876306 905137
549682 581570
675846 707445
608005 634277
645977 702503
604330 629739
546446 573329
648174 680065
713409 766291
534617 588496
841125 876796
738408 773017
789724 821118
576609 643647
758667 788158
613137 668932
826363 868160
756669 787206
615996 646782
640282 665635
831832 908344
674289 702692
666924 695728
698460 726111
719020 752909
861595 914793
688395 719968
591414 621597
726278 754819
760416 795598
691792 747874
710997 779829
734964 790603
743881 777834
846789 898215
659005 687123
684920 717147
895082 958449
883952 938945
615204 646188
595703 624600
594575 624485
621084 686154
769686 799209
1103301 1160591
713142 773896
720656 778311
684320 716772
676657 712628
658383 709969
645232 700064
607468 669795
724844 759382
865975 937094
625296 655264
777694 810773
663717 718459
1061241 1148123
779775 883504
1188870 1319627
663095 697160
593478 630263
648647 682484
709250 760923
686452 722162
988830 1016816
904103 955588
809644 864376
806852 842003
681030 712691
738412 767817
604712 634336
831297 861168
618293 653809
686092 761085
717378 773118
658104 711056
817192 859154
599080 632434
618722 678905
2044514 2074847
942889 1035766
706438 741325
1126635 1194866
827041 855579
605817 637819
658945 686113
663152 693786
619466 671632
692430 749381
667923 722905
638653 670133
772057 802822
613402 643662
948942 982217
820516 871855
629445 657826
672010 743946
716477 746157
758652 800107
579420 632006
551924 582355
624993 657118
679800 717197
1975995 2008587
744017 773859
778397 836499
695045 723416
601759 664900
874203 934247
575888 606207
676941 707469
755427 834156
587032 621474
846697 889432
763071 795274
867240 897467
712252 772110
725676 755337
719480 752347
750689 779826
714875 743706
853710 883724
591241 619110
901626 931932
730242 781825
938613 972396
614722 679989
738340 776056
688987 742540
803827 861905
716244 771123
646285 682264
753559 810140
770618 833498
795263 837683
586958 616934
578179 615067
680208 715823
687169 721160
683254 736391
1000495 1032921
626307 679221
706465 757846
630250 677825
470715 493805
780118 811330
689796 771991
608224 634593
579585 608920
830864 897754
602867 664307
603190 656772
487901 532876
486831 511193
559578 580351
592457 645740
811317 839860
555029 579432
626369 653632
668412 702239
768652 870921
549562 576764
683989 734197
547052 574998
848673 875886
669455 743474
509204 529221
843087 882188
785204 821650
957440 991559
560554 583917
704006 734706
548285 594928
503214 529516
717835 816645
947681 1006962
508237 536425
579691 607520
729273 826960
703324 801424
537230 560950
1002949 1101766
733050 762736
481283 531515
580984 602315
678747 736621
952015 1000957
703985 761538
759644 801102
619959 676839
564734 596289
545525 575285
934435 964147
558955 586996
582398 612564
635326 691166
645842 673986
1023169 1122836
606627 662495
712315 750863
467158 490813
616719 666033
627152 660803
917979 952772
809771 871897
777260 855727
764846 794177
617811 649354
661552 697218
545459 572190
770950 824131
911831 1043079
638472 674613
537913 563682
555832 622579
654843 678255
722770 756883
545583 572841
522845 548006
560810 592578
743311 772299
585722 635988
634844 657609
747227 820767
566599 598342
615976 642942
899678 932444
723177 754648
546591 574299
685099 715730
714540 769327
848922 875209
598121 646606
784944 821708
809633 839558
698168 730515
556680 578301
704989 734478
601074 629428
656235 710300
489797 535021
446289 467029
633270 679795
721128 774337
483828 539607
665521 698895
595141 629759
679289 713551
663934 721161
732048 758223
813960 842979
922258 982693
506641 543145
649181 697123
509598 535612
718898 778454
539719 565122
584735 609303
609281 632973
771674 828642
698458 726894
419402 441644
530783 569533
791968 820011
724560 771187
605804 685240
787618 818790
572631 595266
541984 592314
711424 731093
630906 660625
816868 875819
593892 632045
642927 675440
643116 678664
713970 742272
664563 697957
596187 663144
502604 546876
630126 702530
596140 618492
579394 631042
692145 722228
776710 848064
672251 735552
1075185 1207795
460133 484491
789343 837955
634444 662595
589804 613300
580856 609389
602882 675654
883881 913780
605511 634783
445984 463635
1794594 1821572
715088 768413
1913731 1948096
558973 615409
413084 450568
537687 587858
652747 687308
582142 610627
634873 666019
774000 836385
680213 709109
620637 673946
563697 596500
736857 769576
984141 1035359
738969 791006
839290 869521
556737 590750
579909 607228
767489 914893
884175 941883
650043 679763
586167 660276
866595 898293
790415 818517
693906 730881
661116 690173
653996 709786
654910 717445
1963445 1993939
680143 711106
627121 690575
787967 848356
1049860 1108121
633595 667189
989689 1071805
2171467 2211516
881681 933903
644751 679317
784876 841684
903824 971949
612504 645898
670335 732165
679402 735441
670526 728295
921577 968728
692310 751791
601906 652942
600995 631758
739914 771418
1030988 1138014
645859 704029
693105 727724
1890304 1923517
715881 766426
1930756 1964768
965677 1028916
708204 738462
781982 840142
1175285 1312145
582540 611362
604296 633393
705028 738462
584512 613795
763594 811826
621392 650357
653557 718782
567748 599868
680157 742132
685569 714523
764179 801381
2936021 2971894
686085 718081
623681 657701
740293 767375
651829 712050
542009 571367
576366 649934
1964475 1998939
756803 789509
597523 645160
529710 562519
640499 672739
593201 668233
647773 681754
754339 808924
435575 465735
551606 601852
627619 676611
541067 575361
679907 751653
508030 531262
561575 615246
784021 809373
555180 626376
531199 568331
410204 461805
1017184 1136946
991924 1035236
570107 614155
690584 748507
590280 624412
597835 626554
534680 578491
620138 646554
812283 859556
708382 757334
608445 674359
650934 677181
642161 685357
469408 515712
610014 665182
887479 971936
914658 945328
730325 758356
517038 565893
474519 499421
551960 596622
676078 705494
690696 715741
707960 756176
703765 742526
1996802 2027190
678335 730286
660130 692941
559936 585066
702475 731998
478077 502398
555581 588452
540253 591275
