657098 690127
550516 575087
710769 774744
410158 443012
420654 444954
392176 411245
1913428 1945788
2316721 2400032
2897508 2915145
805744 848604
527443 546324
348223 368693
518597 563584
500517 522502
437413 476445
334036 354566
692412 745338
438306 474386
589466 614128
1525479 1594215
390092 430259
359433 378825
481372 500109
1126117 1144960
1343197 1360372
1655942 2167521
399283 418441
488038 505549
1080938 1100670
1268501 1285810
342125 366012
349361 368374
539549 577457
561418 582378
528458 555527
555313 608540
454125 472035
511055 549429
342535 362084
497197 544623
591799 619261
339769 358914
586161 634288
506291 524288
473170 503285
409825 439678
490858 538778
421302 462118
449571 468782
363032 381945
616489 671059
508146 527097
690477 713185
602699 626801
433675 457630
659208 684883
1501795 1519318
477862 496021
604868 658050
423290 473629
457318 479068
582545 625054
365649 401842
982604 1001691
642930 704617
437661 456061
625215 642679
443499 483243
463095 481346
1019925 1037791
657462 693315
594195 649103
436427 595635
458094 477096
401373 470490
465682 483860
1212883 1233073
885667 924044
389406 424429
375497 412463
407448 428597
1114165 1151657
557200 594237
436775 456760
333987 352118
619045 658196
369774 387978
523639 568991
431158 451960
485771 506973
685891 721574
490470 512195
399348 423699
2545028 2562853
676638 732071
364466 384797
1391596 1407372
748620 799496
1581438 1599967
628192 648698
486862 505210
538110 558001
884168 1007654
628083 646685
426520 485094
462347 487444
349216 368583
376935 420798
439892 460081
334285 353061
770559 808869
449839 483357
454743 473062
413440 432803
409532 428342
356258 387605
472821 524105
580833 602855
527647 549242
1228385 1246199
491967 546433
800348 845959
579491 622723
468178 560194
431829 482492
582229 600041
687419 709530
693670 714643
674236 704270
963509 982188
389091 411091
346087 364330
991926 1010123
1122110 1139768
669797 766652
380143 417055
382517 428368
553903 605285
588564 607740
994649 1012875
341218 362145
1076168 1094455
774174 791634
1142174 1163386
463817 484406
660026 678262
510735 532724
713102 745362
1223404 1241072
1470025 1490070
954079 1019756
2225939 2246961
2052368 2069745
1882002 1898275
955201 1247833
382108 421653
1126266 1158729
1489370 1507535
420854 439236
1095718 1147224
1612299 1630097
2074518 2109871
2810933 2841535
1070943 1103761
1980322 2012771
1020664 1038771
614163 647224
1867035 1925335
1494610 1512230
2002923 2038759
1994865 2013759
1113243 1132274
1526614 1574146
2428615 2447239
2824970 2843126
4782434 4799770
1410190 1439965
1684419 1700808
454642 472688
427359 445757
1034868 1088951
598475 615997
918655 936382
1333190 1350054
449791 470640
1258258 1276108
690200 746612
855801 887098
542533 561687
425352 475103
387014 424503
386651 405212
603697 633348
438223 459159
1135194 1166731
1488269 1530273
2351436 2386392
413132 464305
383270 403435
410420 431201
595520 634397
1744735 1764237
477637 496077
1462136 1510493
1275563 1303518
1595787 1635276
2524075 2559231
420926 439643
881889 1006842
1132306 1165429
1400005 1416510
533362 556463
340560 361315
793540 887849
2160702 2286232
330576 348885
1265872 1283552
728667 758537
863817 890835
494529 514943
736663 765758
679942 700835
569586 588605
1311292 1360645
683280 701773
1451787 1471184
1832074 1848147
1391486 1409792
611489 671097
1727208 1786748
1107824 1140674
339406 359805
1397751 1414024
605394 641608
393230 427739
396942 433836
1135183 1170207
1324928 1341658
698678 760231
512200 529769
1574038 1610434
1468354 1485808
1924692 1941640
2695425 2728705
2416717 2435836
4336142 4353898
2489403 2530488
3409378 3450350
688556 724026
733091 753032
1129738 1152433
1560598 1578538
348967 369291
832045 888819
779273 820635
1154012 1194126
1404313 1423032
342623 360655
585552 617938
571614 593902
1331390 1349061
2067933 2084462
379423 397840
399710 446097
540913 575384
620779 675398
1023526 1043134
1213089 1235679
682035 738734
1670531 1708904
692512 751982
1740546 1759487
517874 552943
393371 411657
1206782 1227218
800991 819100
1797535 2330883
3439540 3455682
1108256 1143272
796582 824918
426673 450305
1230211 1251673
383632 402751
702115 721600
888278 930729
344188 365674
514351 533075
453147 473424
502720 524921
474730 493698
1314022 1381576
447401 466787
2541304 2602512
3356864 3374436
3786084 3801989
368531 388197
654938 695035
933853 1070600
468217 512730
1277198 1403938
1553080 1570346
442104 476866
370611 407404
792446 811252
1239754 1269555
643250 660494
572014 590656
2868848 2888960
653358 675143
1182487 1222870
2093023 2123066
677204 695416
1167862 1200663
485298 532738
337783 355707
812506 832450
1206146 1239588
507735 543785
361426 393685
1061040 1079311
1307024 1328664
1537427 1553812
2032000 2047855
1611836 2119717
889640 925836
1384157 1415688
420900 439120
528045 552148
852852 872209
1341400 1385987
1139198 1161867
853622 871205
1566616 1604301
360360 380699
1252490 1377865
1838637 1854838
431295 455380
649207 709131
432261 467960
1230116 1263543
369897 392779
1198291 1240769
355621 373765
603127 663565
887796 908201
1284148 1317459
1720710 1735626
540571 588409
499434 536021
342155 362021
970231 1002250
1404210 1421317
439886 459996
334706 372297
469188 501406
585548 606256
988845 1005841
529695 559242
481027 529666
1320867 1338438
2535754 2556402
492119 1816741
1870861 1889758
2312422 2346524
435085 454824
1656864 1675368
515846 534202
484955 530590
663186 712606
493312 553914
349830 389667
762155 803284
1173843 1252610
588931 607900
695351 720151
1110774 1146972
480820 516990
357228 377645
404460 449141
378992 398411
329264 349663
1311978 1342609
1093944 1471351
521640 558856
379759 400087
641675 678770
352563 391802
484371 507266
398390 416857
450177 472996
1386069 1407029
1762938 1800072
2137502 2169499
2571043 2586499
438644 476933
441378 463348
358047 378200
905413 957918
426193 447881
1202864 1236697
558100 580122
1989877 2010105
2434034 2457602
381496 424074
1289490 1307778
538016 558263
483604 501894
469206 488363
453765 474738
1310307 1328726
309463 329689
973745 989607
360481 378889
693058 737111
1146011 1161626
493713 513855
501140 538349
337777 358041
557220 575770
932283 949405
332964 376879
1227338 1243332
691350 715127
439252 476752
1524014 2037310
364526 402079
440996 482571
554298 574119
1023261 1043682
1563866 1580882
1731935 1748910
3712001 3733528
752190 771760
514356 533364
356959 376492
939069 1027280
1420126 1459836
403239 424472
887630 919635
581324 600539
947357 966175
1511612 1530883
2025119 2073448
2088414 2162309
1528746 1648433
773059 802849
1185708 1223652
659899 707504
463846 507006
1466083 1515407
1129848 1146934
2204710 2224536
1319031 1451338
1822009 1838030
620420 665114
368346 407316
559217 577993
463020 524348
453235 474928
3396253 3414176
3800725 3817554
4305485 4323466
3093976 3112384
892002 931530
1080880 1097033
415833 474980
496918 515230
1042422 1089729
439536 475066
485813 532063
1902038 1943888
2544291 2584442
2437376 2465018
2974002 2991482
749629 2855321
554710 605578
1425683 1443609
534354 572565
451031 470985
3105627 3127433
1376923 1394223
1796963 1818291
2002149 2039937
2140431 2158303
1429681 1469691
1645882 1661839
413780 448619
811585 889147
572561 612312
417654 448963
1673985 1693215
1015420 1055470
1579968 1597728
949098 968136
2700882 2722249
4110614 4131276
663553 684876
382394 403043
444218 483933
1020989 1043398
1282279 1298901
1072385 1113365
1552849 1617807
1080458 1810724
459992 501089
844175 863508
934244 954484
451615 487977
525020 546003
1215201 1316764
1801728 1919381
1290562 1317873
1107963 1459460
1566985 1585732
2020653 2037535
2196293 2211445
2619079 2633522
531405 549089
529293 546796
474070 524339
745189 763910
1205606 1286170
522852 541162
948733 1060755
2162226 2182213
1023095 1044094
1421887 1456894
1806721 1882531
403310 422180
579322 625973
645300 666154
499924 539614
2377911 2399110
987001 1025834
1214767 1256702
1959655 1993685
477877 498651
360239 380720
518590 568699
1739859 1761993
1464206 1482691
1460257 1511842
1853302 1868793
811427 828337
1199246 1248273
1120694 1139580
1522279 1538539
362299 397057
510549 536057
1079834 1106967
1326782 1343828
2299037 2361386
378423 414401
387542 435212
410572 428327
1103291 1138642
1494227 1525294
1904245 1925946
553895 597261
824314 866846
1337425 1417133
2531801 2553495
2733016 2749368
3176538 3208476
2722732 2741072
370302 390005
1140030 1176050
558334 609909
675072 728704
740190 761469
1173793 1195704
336158 354875
406038 446562
406265 441465
526594 547172
873676 916327
1822958 1842110
1550362 1586575
577691 634551
2762552 2791170
3043024 3062447
3205472 3220593
4183527 4241200
346538 381096
414848 436072
2332082 2842043
3249324 3286461
483271 520778
777976 809269
715538 782383
1582363 1603344
546262 567576
937844 954849
527715 547828
597721 655849
412457 430831
345789 364597
2370616 2388497
639422 675137
396378 427866
1206582 1224467
884042 1019156
2725403 2743513
3784841 3802437
923493 941809
1351540 1384619
338416 358681
616985 666449
666557 718603
822367 844230
1338110 1398468
1959975 1975595
535680 555365
736081 757898
1192085 1230051
669850 709083
1175539 1191739
441509 485376
553666 622748
1224116 1247950
1643057 1659499
2093781 2128281
707324 743877
1184141 1199873
416753 452762
452526 493211
1426289 1504783
881852 914124
370112 427356
582006 635239
747569 771879
1165190 1186574
1045765 1106374
1691530 1725805
2525590 2560762
886487 940539
621977 665241
429165 475714
487776 529204
682458 708932
1520390 1564128
1664060 1699029
562469 590813
1301267 1345956
2232439 2252864
690091 709037
1096682 1113199
386209 404865
523442 545034
451113 498404
1311201 1330275
1112229 1496185
701687 819010
875586 893207
1290805 1310930
531498 554074
725247 743206
819438 840561
427981 468873
402791 442408
654651 709804
1610604 1644699
613031 632602
550359 570550
1279627 1300030
486053 527840
695592 714259
1091419 1107284
3146936 3162835
596547 643282
386112 444902
1173599 1189698
1941883 1958849
361570 379762
459430 477901
421037 439626
358463 378053
330510 349242
399088 452451
641179 689946
2157222 2208842
3118960 3153628
2873377 2898159
660908 679748
1065826 1082909
460624 479447
440214 461964
2578882 2617543
345157 367197
430739 468109
468592 490612
742447 789410
1266988 1283780
391630 413086
438623 457065
482085 505509
1028640 1059763
1299736 1316901
425485 444831
768544 794414
361016 381920
424302 467778
1596759 2101206
765194 810927
1871026 1888971
1614667 1643849
516594 556927
1041604 1063532
1613831 1658090
777591 807574
607541 628779
784898 881550
1825160 1841724
850927 888892
1002323 1021291
1487236 1504212
476849 539408
401823 420148
346653 381354
1017574 1072856
579167 605912
922207 954075
1443392 1482288
587284 607998
572038 593663
345900 364647
1213656 1231567
371999 391872
719239 749730
744307 800508
5610885 5676553
2384418 2430049
6363428 6396066
1405681 1428362
1921861 1938349
2423287 2457825
395626 414216
469432 510405
435834 456114
1024220 1267335
699936 722121
386472 531209
368320 386016
1173583 1205481
847991 901675
495955 513095
1575630 2026025
459173 476861
351153 367897
510635 529543
686800 704786
443549 461034
413033 430043
418737 448936
438972 460035
569660 619156
783094 813645
980002 1011386
2279168 2322038
707685 799620
987254 1024705
1333804 1368559
432929 473761
535540 591730
698335 766801
426977 444864
473832 507467
632805 673107
464846 483579
508888 528669
740576 762276
1199278 1216858
337516 355250
419386 436562
1332370 1378516
386707 421566
394214 411652
458549 491399
531881 548547
392544 411839
575879 596345
612614 680648
350142 367235
549552 567735
748531 767186
423880 445071
439562 473413
555310 581812
479154 508758
498592 552714
1750832 1768726
415908 454883
418495 458060
1995835 2028613
368544 412157
410774 442917
737357 757555
464071 509224
467274 484663
428110 466140
470312 491746
1511687 1989256
2785357 2801854
384083 419331
1238336 1269980
3875862 3894970
981132 1033553
368430 412045
1182894 1199890
886802 917735
451560 469963
660784 678372
422906 439730
1113634 1131016
2040758 2099664
437792 478238
396765 414140
594988 629865
382585 401923
411142 448484
424832 444888
722482 748714
428826 450446
1363951 1418391
498468 516855
563752 583614
411518 448127
553260 570612
445401 464168
618926 676548
462891 480803
435820 456043
1289107 1307099
2631445 2652268
535203 554545
1374970 1416764
449153 498226
594095 631164
350852 370999
728852 750103
567634 614336
611750 663466
386804 403822
444079 490135
626525 664051
530687 569626
471068 490013
1131516 1166829
457469 475542
529079 550886
438006 458138
432223 458278
436894 455309
536327 556136
1207077 1252593
415738 436343
361134 378826
2453708 2479136
610372 638248
368716 415077
436471 454538
1388376 1422932
618997 637334
381645 399253
745645 762835
398739 420985
391501 412938
469860 507687
453269 483515
1869015 1886132
590863 610611
1310650 1352943
851269 971209
575881 602369
367907 411008
647777 665788
398707 433983
531001 548139
358454 377431
363375 386959
360588 379086
1108268 1125681
507143 524522
508231 526388
488623 534263
391718 409506
579711 597769
398674 437739
723752 743938
466167 528803
580411 599413
795981 830049
438861 471488
372643 405243
485333 504049
392665 427855
526746 563978
362019 396530
448511 486823
535618 553623
519099 536727
806739 875622
572730 615186
355663 395416
439712 456008
423098 455953
1709393 1729961
532785 550786
554092 597285
427016 444058
454959 474689
374810 419057
714067 732340
1111626 1132263
588412 650527
439199 471130
711853 729567
1065162 1080659
657000 676243
445006 464582
1331445 1406401
2611419 2640038
516277 536011
332012 350793
1315415 1335362
1786388 1898974
455072 504907
1227170 1262626
390697 408261
436295 472902
375236 404153
498403 514504
470124 505833
348705 380863
660424 693749
537267 558492
583708 603881
1404924 1421472
443905 484327
1783103 2250391
2694256 2712844
451562 470524
508517 524469
439080 455631
1037453 1113115
1484493 1513257
388334 420518
1790012 1809674
692222 710211
412658 455626
1221924 1240413
345517 381342
482403 519584
460901 478196
1149366 1244062
363068 382566
737786 758178
489526 520297
642583 699801
579975 602586
367322 383803
850431 917367
1043714 1078741
731158 749191
1108280 1125727
476636 494989
522819 543090
362949 379887
518336 556501
414638 455267
462920 501281
360854 380639
709497 729542
1169456 1186651
684949 703004
601026 638973
493116 510773
446550 466307
513234 530472
824459 844396
1245892 1263027
486507 504641
848793 867341
1282950 1365571
414129 436785
925602 962902
1367834 1384845
399748 417176
611638 645621
577203 623625
1582829 1601166
584970 609034
472951 497849
1202598 1229201
596016 640598
493159 511639
2612918 2632476
674631 705459
595502 645124
898541 917230
1315382 1335320
490843 546620
394026 412926
423196 462513
788105 891161
828527 846197
1258504 1291362
658972 677062
456454 492828
480114 536840
1397914 1415467
1015592 1033934
764147 816029
509648 530526
455189 485357
1315272 1332612
2556004 2599609
790440 809548
1192232 1209607
565158 584172
1360010 1397716
864294 884459
1160368 1194804
863783 976849
1702520 1719668
644147 661919
954897 991588
1211795 1249842
865090 881989
836309 854811
1243463 1264687
484346 528952
412876 446353
346731 364202
470100 488933
534232 552532
480090 499669
457660 518391
1316361 1332377
536582 575486
2051262 2533811
1231203 1262728
674050 713408
458263 489853
643457 680471
1702706 1723521
425431 442215
346320 366334
400725 421084
431127 449412
538160 3719755
555389 592706
582120 599950
377054 395332
615633 661568
469859 503645
513004 530669
391061 408700
480760 499075
441755 460081
794390 835161
524284 558236
525302 560272
2373388 2390858
423072 440376
388985 426678
835184 963755
464064 494513
607842 647784
351588 387075
752438 822753
742598 810992
1468732 1487259
887558 904673
977794 993714
685660 743135
435462 454567
351113 368616
348105 384302
630865 668786
637267 656697
480790 523493
387927 405312
382887 402890
330707 347575
394803 428772
1579077 1698039
653388 670828
736177 753651
885032 918480
406071 426336
720436 791857
519235 559150
1437758 1482349
768125 802295
653120 679222
354894 394681
611455 631388
624132 674697
401152 423639
504676 533627
1242750 1262311
552615 570056
457846 474345
479156 566106
743368 772584
349319 368800
361748 401748
456732 482870
1549940 1567746
775961 805775
1323197 1348530
851528 906455
446475 467122
1099688 1119907
782423 817628
440775 461944
1850078 1879778
1867998 1903704
482098 525979
533650 560856
405809 426185
764896 801908
633449 653958
1406166 1450041
464305 487961
1328970 1368382
830531 864151
618952 672277
1491763 1536371
469093 490281
354359 392972
697421 728029
1741488 1781524
579703 632179
883748 928867
593295 615184
778989 814746
2848078 2878424
4091827 4113143
1144770 1162836
613963 667615
451166 475862
1645872 1664527
1705660 1761483
462936 480470
381556 400213
572800 603151
552091 600256
606681 667534
918317 957010
399729 440866
1430692 1450478
584149 637673
501154 530176
1365975 1400921
1570443 1587343
658003 686690
666160 691586
845618 931420
1685814 1705628
746485 828304
482599 565721
535665 571526
590375 613778
631472 684240
1739105 1759963
503483 563752
1507980 1528241
433158 454104
1397527 1453101
500056 518018
888757 923128
1234871 1254474
402043 425748
577493 629924
434460 453616
519888 546519
441102 459047
490582 537098
1366092 1383988
2612640 2684317
500921 538584
897042 914544
1287867 1304133
456740 494955
383061 401920
471788 490383
389134 426933
755365 791220
1230693 1246257
720858 753961
1128525 1145761
389184 408772
1155260 1171515
1029308 1047417
1411791 1443357
450141 470845
467448 512812
431697 480157
325554 344711
706922 724900
1079359 1122218
885208 904611
1341980 1398812
1623664 1662597
2147117 2621301
475139 515162
373160 406731
573631 622309
506569 542104
886403 907099
1276596 1312817
765440 798290
1241557 1285875
465458 483489
452189 470660
670694 691434
407342 449998
416625 434940
374480 392489
1134910 1184033
1585971 1602270
2970182 2988187
3426673 3442814
422973 444142
342256 362603
712696 765850
471071 489030
584595 606048
657538 709818
423741 464615
405118 424954
1176419 1194635
1290731 1633493
982689 1000187
1383065 1464700
516718 535231
866832 935553
508790 526643
419394 440786
452946 483998
344315 362878
922279 956991
727616 745662
1225130 1241521
972682 991631
595800 611251
606565 633048
1472457 1512699
2022297 2038955
2173200 2189053
403248 447972
451110 489074
1183235 1215441
518033 558475
2402643 2424370
2813997 2902909
683251 700188
595974 621371
1579712 1603110
1054765 1092059
1227495 1243335
2393816 2410115
782836 798628
513728 556816
1785948 1802859
2441274 2472954
1073040 1176438
501429 587740
1801001 1820932
1379593 1459261
1940444 1958785
2585734 2639375
2988624 3042739
4700439 4748359
5146923 5167298
2170792 2188152
589825 607259
1012463 1045490
1452620 1469296
1387184 1404934
1930669 1976147
2101810 2117449
2267810 2288383
673688 691939
727242 744805
1107860 1125928
609607 672290
792914 820819
2940358 3005642
3494993 3529894
3811101 3823849
1198740 1235002
3824615 5644425
1529853 1559480
1864331 1884909
6742328 6763946
578895 613151
1207124 5017026
942296 991356
1127182 1161532
1543749 1559210
772799 801428
1531690 1549992
1945639 1983096
2009731 2024943
2888682 2917844
386730 404148
397038 415580
656764 709692
1611598 1645321
540352 561212
1352014 1425851
2465062 2482358
2588392 2604308
3102963 3117658
442607 476458
618790 647856
1779335 1831879
526840 555984
1543397 1578096
528550 622576
356751 390476
398577 432277
653790 685257
898250 915527
1069660 1085022
344052 364525
1031979 1087236
446912 492069
1343097 1361783
414884 450954
421593 439087
1311828 1327492
1067230 1100883
1607781 1625662
2617205 2635615
447393 487874
706417 724072
641099 670030
822687 878414
436903 469883
504572 522505
1466845 1503356
1872947 1902728
1948851 1964604
3081238 3120107
554299 600010
675546 695212
675951 746883
455518 475126
1262701 1300082
470109 507143
482670 500064
751411 785416
585806 635600
1280427 1298882
694789 729474
1264855 1282184
1004446 1020671
631873 673327
567982 599984
1184783 1201857
1785895 1806273
508743 546187
401431 422259
2230685 2250236
2810381 2846640
3459469 3474626
1427775 1474259
878316 928763
1246180 1276782
2095345 2113450
427127 462460
422582 438888
339662 359259
1027343 1042759
479335 498734
507542 527905
447065 470208
439916 461229
1422892 1460964
749076 780099
1177371 1215886
372287 409958
354580 374353
1403499 1455530
351788 368468
476225 493964
449206 466166
2106831 2147264
2623092 2639766
492330 511199
1348162 1365346
336773 371106
1066949 1082766
677647 698612
1383598 1416917
504832 583188
378305 409693
604014 625201
1474502 1492380
409167 430085
1204503 1221758
435182 496197
1348245 1367885
1556250 1587795
2031624 2047439
428512 447724
374794 408085
490017 532514
2609583 2630436
802630 820560
1259617 1277288
1801293 1820734
2551325 2567743
789549 860668
383547 437850
523195 542000
623284 680896
1768283 1785718
488783 505339
548225 564563
1008310 1026400
1213880 1229991
1758192 1790050
337540 354871
488000 506623
1161237 1203591
1434341 1450608
501693 543862
407946 440818
463381 502195
1528546 1546723
1744268 1764128
2210054 2255162
2581730 2597548
665406 699037
348950 367887
982166 1000221
1405130 1442776
1054347 1093327
1469086 1487250
1819056 1833656
2711888 2744169
417909 435592
898176 991557
997187 1015534
710714 765607
1765359 1811257
481930 521700
877398 929208
1319375 1338831
2092812 2123595
365414 397155
741840 773750
753002 784173
919344 935360
410518 429732
550290 566932
351181 390588
1055696 1075338
1009156 1051024
1435033 1450504
707752 737368
512263 578689
696295 732123
1187657 1203558
416395 436348
819592 855029
1320265 1340459
1842901 1878419
1842042 1854604
543141 579056
1426419 1444239
1286999 2770001
876121 895307
1307109 1323586
603150 620524
1022551 1038834
967128 1004217
1750814 1768331
2169643 2199664
730612 785405
589664 633356
463676 497071
847738 877432
1255773 1272041
1980934 1995785
1029312 1070741
1273967 1288580
544953 571718
451536 468772
1266739 1327258
364292 406508
318664 352128
1830470 1847347
2229889 2274344
422423 440917
391228 411571
677945 708832
387468 406964
1107523 1149829
406043 440153
426654 444025
439928 457079
556162 573906
500765 575350
440224 467905
520379 547900
812098 851716
1309515 1324896
359290 393017
441155 516896
1339530 1358783
420540 438610
524236 543766
465233 484403
532166 550138
380157 399899
1115601 1131374
494196 513263
471394 488355
565414 583148
355344 384403
481610 533297
439126 479968
821060 853702
685934 726024
1112508 1146127
821276 844255
1276247 1292073
2229430 2262234
598469 624124
668585 686354
1075938 1114796
653134 695339
565159 583202
375856 394230
1440489 1458017
892050 912261
1272642 1290727
1001199 1029539
1588977 1618022
425414 444850
1065473 1127068
916507 956656
418572 438210
500147 520906
512076 557392
1579885 1643415
574107 593867
558915 602988
394246 432824
617987 665891
979375 996518
370657 389424
535321 585591
772597 790162
1219434 1255858
816889 834553
1261373 1277601
358723 392590
973228 1001011
1209391 1226167
1014705 1032541
1395916 1440142
462456 479887
1160115 1284664
945490 982575
1432599 1449211
2701988 2721080
768121 798372
1919055 1936974
1661826 1681393
369509 389053
721107 738526
1087953 1106405
772183 794040
1219933 1237102
2039273 2055967
561820 589041
2094394 2112850
2194245 2210650
325699 342707
431871 450707
1199839 1239856
406182 451556
1162551 1179253
671904 707582
852926 885315
1469998 1487270
812694 830298
1236506 1277310
630296 664504
1033309 1062637
753097 774042
1210372 1241197
1816187 1835681
1154958 1177412
1447664 1463150
803828 820196
657251 672865
538700 556536
2752552 2769149
3542163 3558377
606681 668726
409780 490620
768113 816567
1621880 1653936
1290140 1330178
1027868 1046394
3664018 3681948
767822 786983
1145701 1162135
1828867 1846399
502168 520155
1089633 1138407
1301046 1355096
442176 508962
702060 741335
738501 763815
1575433 1593358
448924 469102
463599 482972
354564 374369
564267 592623
1827670 1846288
2664109 2725736
571510 589650
529527 549357
396505 415969
405966 422734
653669 776796
417035 434877
1530232 1672714
2306858 2340326
875431 896619
1482272 1499591
2357748 2469566
1769018 1874683
2046338 2062064
1772020 1789105
1790854 2313971
693624 723881
514363 532543
421487 462410
1262751 1278369
424038 441385
742262 787039
1149617 1171053
702331 722409
1151657 1226584
907900 937187
1128567 1168352
2229022 2261338
663531 683235
1755919 1859543
968120 1078340
885098 904491
2809118 2844941
2938489 2953882
1475493 1527697
1722162 1756151
361992 396813
400546 420378
370609 390596
423473 442508
967201 1016115
1398376 1414276
465886 484963
606629 659143
884912 903977
1891955 1923609
1543957 1560842
479878 497907
1406815 1424128
593815 615872
1382029 1397129
430656 448715
657798 686038
799109 817366
1182741 1234968
1928592 1947652
472506 490183
1295451 1313450
491069 528057
655122 695640
1050188 1067322
1023590 1055554
1367321 1408776
2691648 2710738
3242217 3259938
943243 980095
1346652 1363008
2337280 2366306
920613 954292
1322728 1352276
623359 651781
690738 709719
896580 949384
1342034 1358851
464694 484464
502222 542317
1224389 1275401
1732837 1766779
2204927 2254570
432838 454058
636005 681555
822129 843628
1591786 1609396
2058689 2074417
510694 539511
391144 409003
511945 528801
475180 509236
957429 1013325
2076833 2096689
2089800 2107899
2464162 2484404
858630 879015
1482275 1499534
1628949 1661337
1688753 1706492
446146 485322
669055 698320
2985080 3027122
1344888 1365948
1520415 1544307
692320 709623
1271781 1290744
1480024 1495368
424386 445333
444890 465061
465736 485340
688272 708077
759667 777565
1008109 1025333
467910 484461
1241941 1287580
1648533 1663831
2437961 2474206
398579 418951
691225 724483
1866152 1924648
2694823 2738800
2344741 2366282
3487129 4017334
326121 342982
5133783 5154070
1159785 1196001
496869 516097
693891 723631
1044790 1063421
1459973 1477733
396130 415797
1248965 1268463
737021 818537
1437385 1457005
381886 401740
423751 443474
860558 925171
1333289 1365301
1753008 1769486
2099470 2114023
391792 411323
1227913 1243867
2014988 2088757
339079 355937
680501 707166
817082 845661
456943 500328
1261250 1300864
480681 502831
462447 503307
946063 980461
1342296 1359968
1693110 1709221
433378 488884
708208 761738
1435110 1455716
882749 901031
1301615 1317574
573787 591473
537292 558419
641773 659113
1067842 1085215
484878 502938
639690 664119
489631 512627
1196872 1213194
411517 429428
1212058 1227397
631360 651365
1185062 1207419
1408332 1424290
1873497 1890567
959543 987327
1821268 1838556
609337 648579
493032 571211
1653094 1716463
333534 350531
714795 732491
1130319 1165552
484560 502134
717981 747950
413196 430921
450363 494437
1253004 1269774
388177 406207
1094256 1114312
1483880 1518097
1915919 1930315
339252 356942
1328144 1402765
1420892 1452017
415825 448644
622157 643055
2579734 3050880
496055 542293
2729959 2747067
3722422 3758872
767279 813240
1869786 1888806
797718 2193639
2747103 2765531
475838 495589
409755 429631
738284 790285
1177122 1194264
1869266 1904213
381601 403738
605758 656644
1448328 1493782
1650384 1695452
2394529 2414517
353173 387473
1147616 1219609
1604503 1632259
481885 515860
379286 416070
923428 955810
1508272 1527022
1195985 1243234
1044182 1063455
1900090 1929533
392491 428442
850334 891832
1335485 1371932
541551 560272
613644 668574
1511237 1529384
372415 392745
1169022 1202485
1057350 1077070
1534774 1559712
382051 401230
927286 970405
1436125 1450959
612655 663598
383683 400827
550679 572111
426596 444475
876835 933784
1331739 1346943
540252 576761
572653 614660
882834 1006589
1046921 1107357
465192 483439
386811 406833
702693 723759
1083633 1101092
3304393 3342832
3490507 3507065
4528049 4545575
459225 516085
612651 644354
693171 735503
1656877 1676488
617856 635563
357287 397281
874648 893191
1348074 1400664
1142181 1160991
1262016 1302781
811299 846017
1095940 1135841
1507274 1523429
2129633 2147172
2630179 2645639
750619 768428
1173685 1201976
805713 824221
1224999 1263402
577173 603665
1025310 1065862
1223562 1240588
788863 825455
1193797 1233112
798562 817791
1187239 1204580
449440 467829
2654309 2673618
724901 746420
2329699 2388907
2792072 2807912
3319218 3349869
4048264 4068663
1062142 1080667
1457847 1474387
427340 445143
496120 515888
559945 612849
1767330 1786809
2444539 2461739
468971 486472
1269881 1301487
760644 804302
1283345 1315790
416959 434684
538382 557736
848675 872261
950945 969552
1353822 1369757
389434 414546
414692 450894
431388 466763
402117 423942
1254743 1275876
556668 591587
485998 527212
825477 846167
1224845 1240836
880414 899175
1325828 1376853
505252 556153
714180 791754
1033810 1053859
350506 369713
1277874 1307537
1629196 1645428
2562476 2605441
640604 659273
1018245 1050447
1695375 1714808
536099 554003
476581 519615
498331 531096
600714 667658
1313861 1363190
1615665 1737285
1117146 1150778
2113218 2145773
2311650 2327617
2821891 2837531
416865 434358
355747 374220
748466 804999
742076 771341
813244 856284
621985 641734
660762 682710
1380008 1397763
1786342 1818111
486865 504877
719055 766085
617496 685760
546112 593287
616967 651512
1616344 1634826
644360 678241
1052534 1082173
465053 483404
1137620 1252315
1667624 1683987
565265 610177
539425 556529
1382587 1398899
345274 362879
1062043 1080570
1490368 1563492
396612 426507
620256 673464
1363154 1381584
639544 691525
723513 751067
1211458 1246091
1432462 1462693
1826817 1894741
2352103 2380841
638417 673622
344576 361886
1864979 1881251
496463 516361
442291 460512
391783 431626
901758 919819
1489501 1504992
2055934 2076882
1765072 1782468
351893 369727
729753 769480
597230 618786
478827 499443
618063 661872
434531 477530
2267455 2288458
1954620 1975367
474780 494600
726080 766130
1129544 1150420
660266 689011
549583 570743
710084 750099
1174083 1189768
427582 444962
766718 784893
1190221 1207169
629006 660344
1047898 1080861
675679 701479
352005 376278
411871 463506
2042511 2072048
637695 682974
420154 441079
759920 803715
556668 599339
405056 423745
400571 420085
362998 383408
2202852 2243669
2687123 2703048
567447 600577
1747121 1766886
2537137 2557529
398788 416738
486797 520256
548617 572342
568890 616789
824230 847157
1822403 1840803
2273309 2293766
440483 463430
719766 738533
662177 3149674
887462 909292
849069 874775
716114 741001
521428 543790
332739 350347
515295 555218
572615 596372
378914 396353
361209 403094
615223 635145
467833 485321
458422 479875
503008 579955
1305246 1324396
379795 399561
395808 447990
1260792 1293792
585049 605401
446796 490927
662194 692966
1844739 1867986
768840 788680
432336 449775
496407 536177
364046 396950
432912 453334
869392 990854
461122 480813
573671 593216
742524 765907
361789 382869
405080 445481
582843 621174
501007 534994
634110 651560
541791 581968
372311 390220
549786 568307
605862 692781
969864 1002685
1814668 1873239
2317050 2346440
410245 442196
353502 374748
1221783 1241907
1676796 1790803
623623 647257
504552 522234
701720 760000
528194 547760
787803 834906
1168970 1185495
452607 469830
382025 428135
1030150 1047081
478749 498427
656000 674504
478275 523440
433944 451663
741326 765943
1341408 1358088
1809690 1828834
695104 718746
1072490 1113050
528707 549999
380456 431631
2234215 2252727
2635417 2651203
511513 547143
1689989 1707387
730011 852031
2763413 2786183
534727 551533
1209271 1239685
1833019 1891732
920431 949205
1989204 2027638
683793 702397
1026473 1058943
1665526 1684582
874665 921558
436412 482569
430481 450270
372755 397641
652657 700997
400328 418508
1188246 1205341
466453 484030
381719 399409
820761 857722
462259 480550
562619 609826
464294 510359
524760 548380
902277 921185
1346267 1362487
408043 480643
347436 367115
1416124 1433054
363734 396872
454438 476249
374476 426517
711908 732184
455812 497106
759512 788050
1181630 1197686
369522 386936
555622 573541
450059 494446
2687789 2706782
564562 584803
356261 377388
401427 479859
2178901 2220121
2395252 2434834
488665 509983
357344 375132
728201 764434
596288 651500
492951 531693
967468 994713
1449231 1491327
696401 730574
344479 370706
1305191 1354769
463699 482932
1192251 1210978
362658 380590
433996 456696
776361 794302
626128 643694
484468 502123
900241 951999
1076339 1088856
877210 909181
1844691 1861645
574374 613661
798646 836410
767462 792933
434224 478140
1143947 1162574
1560927 1686621
782583 857330
409584 430438
416407 434118
1573590 2003287
617920 655642
647750 690907
569900 588166
1480471 1527365
2007866 2051601
2180670 2197227
513655 546493
573502 602218
909060 1030537
1607846 1626232
747293 783306
1173603 1189298
1946919 1965074
2337982 2353865
453473 493241
380868 398814
440470 458211
589498 629118
538539 575330
542499 578534
1571527 1589136
818486 843834
1280919 1298325
694454 737525
1167938 1184610
530364 551288
362107 380087
525947 548260
726356 772890
1174459 1204405
615199 637967
489372 506904
1148396 1166658
923635 1280147
460264 477775
431932 476572
641952 666810
708598 728681
1128047 1159349
528075 550831
599312 652171
445334 464012
1164570 1183806
554130 571642
870142 888032
1297221 1339242
577930 895523
1441049 1475152
542442 563524
835841 882629
1242780 1258872
652546 716312
1598310 1632655
794472 813106
1174793 1208063
594219 628019
1499200 1517333
1119235 1158191
1508303 1549058
343727 363110
519470 553607
1369743 1388352
409127 449507
618447 650856
445030 484155
664633 695488
1143374 1207844
2195782 2217803
1870924 1886401
858682 891602
691011 720625
631995 685329
1132368 1165905
1312768 1329427
827111 881576
1410355 1426702
2306128 2329930
807876 881503
1276463 1401330
1789427 1861859
1096791 1127321
984292 1004763
329932 347260
460372 506241
694225 711766
413022 443354
784470 812819
1979137 2024085
477582 511202
408095 427995
507902 525476
338573 356528
865905 896648
522920 543176
1041154 1102902
492532 526331
451910 486246
593382 621238
644359 675445
378188 419513
603898 653854
2737048 2752697
427756 445779
4104741 4150702
1050568 1090863
1642837 1658854
2497621 2515305
564257 582057
763842 804833
1200340 1216172
1844767 1876973
843924 877078
394570 412340
383468 403294
717197 735004
691033 744739
1665684 1687053
496560 531895
810003 830601
1156107 1171389
789722 843854
824249 844025
456614 475740
1045826 1081309
1402191 1420413
725707 743007
2671626 2688122
695983 752689
437033 457903
586394 622596
790180 807124
926739 942900
721956 740179
1173194 1230112
479177 496754
844113 878584
1053131 1098346
1244222 1262673
558796 593666
486420 504330
453059 472960
778181 813088
338831 358733
840636 868217
1941107 1958773
503440 543149
949347 979095
544316 599514
1607739 1628344
479537 500301
600630 631695
1446528 1489918
1535124 1575945
1925700 1961825
507760 544529
586084 609940
947242 978115
1482173 1501478
425528 468110
673871 691362
722094 766256
530231 582671
1813810 1837501
777492 828927
896209 916838
1018620 1059890
1093692 1112963
455803 522398
615106 643795
710405 743910
1054231 1097582
882612 1311912
362803 395719
461986 501263
462862 480472
622548 963255
1529403 1565809
992351 1015252
1417402 1441406
1036551 1128536
1420325 1442269
450363 472641
339725 357335
1167335 1204659
336112 355623
652414 670609
851732 872193
1250470 1305111
1197808 1235033
1364478 1390758
685926 703480
445905 463723
413586 432551
1112143 1157908
517829 539752
605358 695558
1776433 1809235
340917 360734
1097114 1114902
504607 589525
403185 440555
760182 846581
1568402 1584265
461110 483735
1002779 1025041
1165021 1197313
862250 900680
401687 435156
463036 499946
517292 535149
897122 938022
1401649 1419091
1546690 1561482
1010357 1036745
1511548 1531611
389469 407198
454168 493545
462453 479716
1019982 1057618
1533046 1598142
357734 379941
505192 523160
611725 658743
372380 389918
864889 895187
481141 525739
600185 654870
508169 527885
631819 651970
1018570 1036367
1840819 1856113
575103 624230
693336 795941
479091 502563
837051 855672
1298492 1355010
577545 595349
616718 634740
1078684 1094270
1839334 1855982
384499 406107
617927 642344
427854 470847
924885 941982
1422686 1452844
659583 678841
1132407 1150040
1074184 1092117
1493528 1514183
449395 471434
446676 464374
544547 567695
979282 1025910
1175460 1195712
546964 564352
564663 584425
616691 635305
417382 437056
578841 597164
355962 374010
448216 488607
361911 396247
826038 844286
1741031 1785702
901820 944844
1449991 1500794
460414 479592
409591 427830
458900 480738
439528 484695
499095 520758
643574 661319
648027 691714
427526 480502
1599935 1648648
341140 359278
363735 382545
605456 651549
547305 570209
465230 484971
573460 619250
449685 469984
372739 390699
589850 608252
1281727 1300430
482391 508227
428614 492071
651195 670708
765241 805793
1180008 1202760
650045 670717
429920 447961
717946 760652
657329 676766
360900 378765
445797 495296
597254 621242
1135756 1156820
1596059 1637008
1556153 1590003
520633 589564
1059172 1077755
645087 702397
490139 507854
670083 720984
591390 637099
412436 432076
879282 997312
637147 677387
566548 586449
664972 681934
423009 440613
500804 561897
614797 634333
526311 550071
443459 460840
1588942 1608138
629642 678189
1886856 1904653
716641 748855
1279886 1315502
385169 420774
536685 560745
573836 619716
413428 433042
557683 609453
461061 490536
425726 462442
441582 459342
726803 746624
698694 734299
495663 542697
692435 713733
337400 355462
373658 391679
493862 574991
699190 754282
444510 463463
1025990 1055388
594228 612313
575367 606779
535239 581925
408120 428750
479700 523878
386815 420175
1697313 1714886
437225 453725
348909 382873
697993 742944
871168 914704
1227842 1257932
1217418 1257470
1857088 1876040
338910 359466
1125425 1161862
550704 593659
1309448 1341535
497729 523415
632552 682872
614240 657394
404922 437982
611417 629907
519488 558835
1862434 1894506
1473125 1488495
2237039 2252480
900136 992712
540219 596736
1676658 1700302
2537784 2556463
391834 434864
1716310 1737563
639862 679842
615486 649242
1354305 1373133
1133691 1259219
447542 467020
465402 484020
1107402 1126517
818561 838495
1214037 1230339
333257 353013
360761 399918
1002427 1020422
440010 475564
436939 454786
698051 728519
2712537 2729838
387548 407411
1035407 1053857
536244 557269
435781 454219
1219195 1279126
551279 595112
1736314 1754961
405599 423119
522655 576220
362575 382146
931252 947618
590405 664037
489772 509924
520984 570280
425581 448160
631735 681943
465068 507751
359816 380260
572798 591919
842907 880126
893065 913602
1269572 1301507
450795 489439
431375 467061
368991 407644
952884 1085698
791048 829907
366651 399712
431266 468434
1096300 1138829
1716208 1733003
1833607 1848516
531579 550099
747095 794731
457316 493868
588335 647141
1455703 1472795
459447 492683
520801 540701
1000028 1082144
403246 437694
645959 667888
554595 576287
370346 412131
358082 379927
1110806 1150372
377549 397632
806735 855528
1070179 1089478
1559598 1575327
1750410 1773404
398287 438060
672385 692159
748023 767419
1130498 1147344
404664 424716
470220 488342
503747 550212
